This file is created by TexTools software, Resmat Corp.
ODF file name: file Created at Texture lab IITK

B 500 0
	-89.542 100.010 175.984 1
	-89.548 90.418 10.760 1
	4.435 116.923 175.646 1
	78.484 165.235 139.080 1
	53.491 10.359 32.492 1
	-12.897 18.352 7.477 1
	-42.187 80.226 58.384 1
	0.332 83.067 85.245 1
	-44.467 177.405 57.061 1
	55.050 116.247 151.748 1
	0.218 70.382 1.593 1
	78.954 80.701 32.991 1
	-86.723 98.663 168.633 1
	81.360 90.023 115.829 1
	-26.465 160.760 108.364 1
	-57.141 94.091 113.675 1
	-52.065 165.356 146.597 1
	-89.611 90.504 9.545 1
	-84.586 78.799 26.786 1
	-89.599 89.502 170.455 1
	16.610 137.836 102.342 1
	86.648 90.459 105.527 1
	-5.987 90.075 173.108 1
	-52.552 145.044 165.573 1
	86.935 137.384 149.353 1
	-82.964 84.614 11.579 1
	-22.082 32.848 12.937 1
	-33.822 66.624 56.740 1
	31.117 4.624 58.161 1
	27.307 135.207 79.945 1
	-86.511 94.933 98.807 1
	-77.727 91.536 31.209 1
	-78.180 103.803 144.643 1
	14.484 104.863 162.032 1
	17.063 108.982 147.456 1
	-1.381 117.393 156.819 1
	-7.552 1.621 87.061 1
	-7.454 32.361 94.647 1
	-80.581 167.241 162.852 1
	-4.882 129.185 99.477 1
	-79.916 86.746 63.833 1
	-9.540 123.524 90.963 1
	10.600 68.887 82.454 1
	77.498 100.904 154.458 1
	-83.159 5.300 20.134 1
	73.350 70.760 28.247 1
	-80.833 90.149 91.192 1
	87.027 82.735 11.688 1
	-1.627 82.185 86.110 1
	-0.773 80.455 27.084 1
	80.042 108.243 113.744 1
	-80.226 79.435 58.012 1
	-86.843 23.268 28.934 1
	5.231 68.847 1.673 1
	-72.880 81.211 3.885 1
	-2.991 61.089 92.149 1
	-85.531 87.479 3.243 1
	14.484 75.138 17.968 1
	-85.697 85.457 87.388 1
	88.476 92.137 125.632 1
	-83.119 67.007 78.094 1
	-6.612 81.532 2.979 1
	-43.052 94.933 119.754 1
	-14.685 34.956 95.546 1
	52.649 166.198 149.508 1
	-14.106 105.344 170.060 1
	-29.536 164.714 89.960 1
	3.930 121.238 92.854 1
	-4.933 101.362 87.078 1
	28.396 145.589 180.000 1
	9.849 124.189 174.552 1
	-4.612 32.286 93.850 1
	-84.975 94.590 98.675 1
	-82.506 99.528 152.378 1
	-21.509 23.726 85.399 1
	82.867 87.049 120.848 1
	1.238 118.236 94.888 1
	86.597 89.083 14.570 1
	89.410 89.765 90.476 1
	-64.824 98.090 157.793 1
	10.399 146.557 109.945 1
	64.475 38.119 13.161 1
	-63.730 81.618 20.701 1
	1.381 119.215 89.479 1
	14.948 31.690 74.439 1
	-6.824 131.225 169.830 1
	78.627 83.509 20.873 1
	89.765 88.270 81.056 1
	-83.354 176.437 47.653 1
	-65.140 7.655 113.388 1
	-18.151 113.623 161.179 1
	-61.026 112.288 153.919 1
	-75.481 88.316 14.691 1
	-59.078 13.000 43.510 1
	-26.012 102.216 91.885 1
	-81.188 9.408 38.434 1
	88.986 90.997 23.463 1
	19.177 111.286 84.517 1
	-2.893 165.883 88.574 1
	0.103 128.663 101.093 1
	-85.164 19.469 0.000 1
	73.350 109.240 151.748 1
	5.982 60.590 86.179 1
	33.002 62.527 34.051 1
	-4.950 118.419 173.033 1
	84.930 96.108 179.152 1
	-24.631 152.796 99.655 1
	6.073 77.985 92.321 1
	-74.570 84.786 28.889 1
	-83.383 93.787 115.760 1
	-19.882 71.723 87.239 1
	-10.978 172.626 83.669 1
	-83.732 92.412 175.898 1
	28.390 11.419 57.468 1
	-4.016 108.816 177.256 1
	76.140 85.233 31.306 1
	-17.601 111.343 176.225 1
	3.776 56.717 94.234 1
	28.000 7.414 77.527 1
	-89.977 86.276 17.813 1
	56.677 87.410 113.818 1
	-88.201 92.057 57.428 1
	7.620 160.400 97.443 1
	-34.097 12.708 71.270 1
	64.704 173.595 157.157 1
	5.013 83.090 1.954 1
	87.330 92.344 8.417 1
	-88.201 87.943 122.573 1
	-84.861 94.670 177.944 1
	-0.246 51.280 84.930 1
	-83.268 80.334 31.163 1
	54.167 167.642 134.261 1
	-88.677 88.849 94.807 1
	60.304 10.588 30.195 1
	20.879 173.532 173.366 1
	81.761 78.891 5.380 1
	5.185 94.292 97.174 1
	-37.128 80.254 47.017 1
	87.875 98.228 175.468 1
	-82.317 90.596 105.688 1
	19.675 160.136 107.321 1
	-20.082 115.377 94.040 1
	-47.412 103.768 109.550 1
	-0.584 84.666 88.172 1
	-8.354 101.803 87.949 1
	-11.448 7.076 18.816 1
	14.502 83.904 9.305 1
	-4.326 97.873 177.955 1
	-4.160 88.963 5.174 1
	15.911 15.229 81.761 1
	-35.804 169.435 156.859 1
	-89.668 93.249 125.335 1
	86.694 89.857 119.467 1
	-2.653 118.912 87.737 1
	10.835 64.647 7.798 1
	77.727 83.108 26.488 1
	27.359 168.175 124.131 1
	-76.215 137.344 134.800 1
	63.616 11.746 60.968 1
	45.132 7.179 40.531 1
	86.402 89.897 84.769 1
	-10.915 12.399 96.635 1
	-83.772 91.782 82.065 1
	16.278 67.271 30.115 1
	23.680 131.603 93.186 1
	6.698 101.179 88.889 1
	84.454 172.265 168.862 1
	3.535 145.503 89.210 1
	11.110 164.319 90.401 1
	-7.454 147.640 85.354 1
	-7.695 56.156 89.273 1
	5.059 79.269 2.790 1
	87.600 90.270 116.906 1
	11.144 100.016 168.725 1
	89.576 95.833 174.202 1
	-82.592 12.450 25.428 1
	26.505 167.865 124.091 1
	-20.472 33.581 9.660 1
	-84.672 91.444 2.389 1
	-84.998 90.075 120.797 1
	62.962 79.074 19.412 1
	-11.969 74.490 2.447 1
	-33.323 164.107 109.744 1
	25.772 103.637 81.761 1
	10.032 78.404 24.970 1
	-86.482 85.588 77.556 1
	-23.652 176.024 83.646 1
	4.297 116.958 155.375 1
	0.097 29.530 85.520 1
	8.835 150.676 95.283 1
	-81.635 160.136 151.381 1
	-29.490 150.235 167.493 1
	48.707 10.966 40.881 1
	62.481 7.586 74.175 1
	-0.350 64.034 4.721 1
	86.597 90.917 165.430 1
	-16.558 89.278 6.612 1
	7.357 77.452 92.235 1
	16.587 71.585 5.752 1
	-80.787 89.124 11.728 1
	42.743 133.803 156.194 1
	55.056 63.753 28.241 1
	88.465 116.809 99.746 1
	-1.283 75.527 91.960 1
	-17.515 166.937 156.899 1
	64.790 108.644 157.747 1
	-5.157 80.678 88.677 1
	38.520 99.632 141.165 1
	11.052 117.095 171.120 1
	5.913 15.871 82.002 1
	85.858 86.998 93.071 1
	-71.717 97.048 170.065 1
	67.174 81.177 6.606 1
	-26.144 21.515 93.776 1
	-36.509 16.060 87.634 1
	-0.584 95.334 91.834 1
	-84.826 5.334 50.684 1
	77.727 96.893 153.507 1
	74.192 86.064 30.000 1
	-88.877 88.213 156.486 1
	-87.405 87.737 54.064 1
	85.422 92.281 174.351 1
	-55.577 82.535 74.290 1
	17.842 128.635 169.521 1
	57.874 8.016 46.249 1
	82.214 93.094 159.196 1
	-14.645 164.714 172.265 1
	5.059 100.732 177.199 1
	-2.510 16.329 6.343 1
	-21.984 74.771 87.302 1
	-13.659 95.655 177.044 1
	6.010 118.035 177.325 1
	86.373 82.254 83.927 1
	87.617 85.692 17.762 1
	-85.841 90.745 178.872 1
	24.849 68.428 51.446 1
	-10.800 147.949 151.880 1
	4.297 63.043 24.626 1
	8.016 99.735 89.273 1
	-84.322 90.080 20.730 1
	15.292 79.504 6.543 1
	-88.052 89.634 60.304 1
	-75.441 93.037 147.949 1
	3.776 123.283 85.760 1
	37.930 95.524 122.006 1
	-14.685 145.044 84.454 1
	32.091 103.917 110.953 1
	-27.198 137.487 98.612 1
	-55.256 143.566 126.349 1
	-12.582 69.087 6.050 1
	14.066 90.321 173.429 1
	82.025 82.271 10.674 1
	-20.672 9.316 111.211 1
	3.684 119.181 89.284 1
	1.226 68.067 18.770 1
	66.692 162.617 152.223 1
	-3.042 83.325 92.584 1
	89.851 83.835 83.188 1
	-85.027 116.763 105.035 1
	88.046 94.257 168.083 1
	-12.462 93.123 174.672 1
	59.347 169.538 148.780 1
	-38.411 49.870 84.803 1
	-4.223 55.818 0.980 1
	-27.399 85.331 90.911 1
	45.057 172.821 139.378 1
	17.527 41.356 77.103 1
	13.149 74.593 8.296 1
	-13.298 94.744 97.242 1
	-5.208 78.713 88.476 1
	-4.280 61.679 88.602 1
	-88.889 86.213 79.681 1
	-78.999 16.793 3.077 1
	-75.161 77.957 27.960 1
	-88.367 174.534 112.220 1
	-17.819 125.317 105.241 1
	-48.472 169.389 89.507 1
	-17.819 54.683 74.760 1
	-85.107 93.518 160.738 1
	0.103 51.343 78.908 1
	-82.718 91.169 61.117 1
	-2.951 121.158 172.157 1
	19.303 48.444 92.000 1
	-6.446 53.062 5.197 1
	-41.459 100.096 121.731 1
	-3.352 103.780 89.433 1
	80.930 88.929 9.631 1
	-79.681 88.482 26.419 1
	-26.133 175.222 52.093 1
	-6.446 126.939 174.804 1
	-25.468 44.696 77.475 1
	27.330 33.873 0.000 1
	-86.654 90.344 93.644 1
	80.180 103.648 152.183 1
	-14.376 80.031 83.045 1
	2.636 29.192 86.637 1
	-86.608 172.563 159.924 1
	7.408 81.646 6.228 1
	-84.460 97.535 124.383 1
	13.797 110.764 165.814 1
	80.254 22.082 22.546 1
	2.292 121.152 93.845 1
	-36.549 106.352 111.349 1
	-6.835 48.776 10.164 1
	36.429 175.371 95.667 1
	-55.285 34.395 63.524 1
	88.109 99.208 163.064 1
	34.080 149.869 176.523 1
	-50.753 37.999 22.580 1
	7.408 98.354 173.761 1
	-80.220 100.514 122.034 1
	80.919 92.928 74.485 1
	-0.115 17.704 88.849 1
	-89.811 86.270 12.026 1
	73.230 154.361 136.324 1
	-89.553 89.582 169.240 1
	-2.303 61.994 3.942 1
	36.366 36.125 3.489 1
	-12.972 28.379 8.274 1
	-59.101 167.000 136.490 1
	34.675 109.613 170.570 1
	18.260 55.038 88.591 1
	-26.940 101.700 87.806 1
	6.079 102.015 87.680 1
	-34.297 108.174 179.278 1
	-8.932 77.475 88.316 1
	87.078 15.235 5.363 1
	-59.055 11.173 42.026 1
	-26.219 51.354 79.916 1
	17.848 51.366 10.474 1
	80.483 92.504 167.023 1
	49.532 93.467 111.870 1
	-73.539 89.731 150.149 1
	-4.223 124.183 179.009 1
	-9.987 83.434 2.458 1
	23.348 7.792 66.091 1
	89.725 88.064 81.354 1
	1.392 104.129 89.124 1
	12.256 51.790 1.948 1
	85.703 91.186 60.287 1
	-58.711 172.598 114.362 1
	83.698 89.725 53.726 1
	-25.250 67.724 88.367 1
	-88.900 97.134 96.538 1
	55.651 174.890 147.479 1
	81.761 101.110 174.615 1
	69.620 34.635 24.311 1
	-33.237 9.563 100.153 1
	33.862 70.651 9.987 1
	-3.793 78.713 1.896 1
	80.323 50.919 24.803 1
	36.497 71.522 70.852 1
	86.173 86.242 177.124 1
	0.332 96.927 94.756 1
	-88.894 130.302 151.290 1
	85.709 93.226 94.825 1
	79.280 97.059 167.447 1
	11.631 127.340 177.514 1
	-32.664 71.700 3.306 1
	-88.935 94.635 98.045 1
	28.573 175.543 128.010 1
	5.013 96.904 178.070 1
	23.308 114.947 90.292 1
	6.698 78.822 91.117 1
	27.748 16.089 62.315 1
	-22.214 7.597 102.966 1
	89.662 91.020 96.910 1
	-79.521 84.517 25.376 1
	20.019 162.835 113.291 1
	-82.563 167.550 154.555 1
	40.451 75.636 40.101 1
	75.820 98.222 163.264 1
	84.041 78.117 60.504 1
	-3.352 76.221 90.567 1
	-86.929 96.727 171.194 1
	-2.653 61.089 92.263 1
	-80.409 4.469 170.214 1
	18.260 124.962 91.410 1
	89.628 92.166 160.806 1
	-79.188 36.618 32.212 1
	25.726 85.428 88.717 1
	51.497 41.310 54.041 1
	12.336 88.803 84.918 1
	-1.387 167.705 88.207 1
	-79.859 96.263 156.515 1
	88.018 85.600 11.935 1
	75.745 164.490 161.139 1
	-80.839 39.666 23.955 1
	82.397 4.670 0.000 1
	-18.421 111.257 94.349 1
	10.863 76.765 86.310 1
	80.174 76.352 27.817 1
	72.811 143.583 175.216 1
	5.231 111.154 178.322 1
	-82.586 98.171 154.830 1
	89.817 96.165 96.813 1
	-9.018 51.114 74.456 1
	-79.790 94.968 170.541 1
	78.455 100.096 167.103 1
	-0.246 128.721 95.082 1
	57.181 169.464 154.601 1
	86.648 89.542 74.473 1
	46.564 143.853 120.963 1
	1.415 102.703 94.028 1
	-2.080 102.749 150.705 1
	-36.921 12.645 33.002 1
	10.731 104.496 158.658 1
	1.415 77.298 85.972 1
	-15.607 171.068 75.138 1
	-15.808 168.335 81.606 1
	-90.000 87.943 22.615 1
	-88.929 84.672 12.021 1
	-86.694 87.949 173.526 1
	-82.838 80.174 4.756 1
	12.886 15.728 76.736 1
	-81.251 170.592 141.572 1
	66.480 26.219 49.555 1
	15.911 164.777 98.234 1
	84.758 92.441 125.134 1
	-33.237 170.438 79.847 1
	12.273 157.672 102.485 1
	87.823 93.902 102.932 1
	26.969 95.260 95.844 1
	-82.838 99.826 175.245 1
	-2.934 65.226 92.888 1
	-80.844 140.335 156.039 1
	89.244 91.278 8.955 1
	-88.407 90.080 14.616 1
	80.271 94.406 103.413 1
	88.470 87.869 54.368 1
	-87.302 95.541 77.647 1
	-1.283 104.473 88.046 1
	-70.560 3.243 23.743 1
	76.140 94.767 148.694 1
	-85.457 85.863 57.141 1
	-8.560 5.477 90.820 1
	29.742 68.400 77.154 1
	27.307 44.794 100.056 1
	-30.344 69.895 68.766 1
	78.661 80.271 9.431 1
	-88.757 82.368 85.514 1
	-3.071 129.231 106.782 1
	-9.253 20.942 73.023 1
	-3.231 102.685 95.237 1
	-14.244 67.059 26.007 1
	34.085 30.126 3.610 1
	-8.503 11.643 73.717 1
	-76.203 42.657 45.212 1
	-85.193 90.716 90.619 1
	-2.951 58.843 7.838 1
	38.984 101.878 116.242 1
	-61.026 67.712 26.081 1
	-23.125 13.075 91.851 1
	-11.969 105.510 177.548 1
	0.338 59.009 86.345 1
	75.820 81.778 16.736 1
	5.157 105.292 92.653 1
	-30.155 68.480 68.451 1
	-78.690 97.151 164.874 1
	-44.777 9.041 83.446 1
	88.562 84.941 0.997 1
	82.214 86.906 20.804 1
	89.244 84.620 60.797 1
	84.924 83.658 1.816 1
	2.710 64.939 4.899 1
	81.360 89.977 64.171 1
	12.130 97.758 173.325 1
	88.757 69.059 76.209 1
	87.428 91.020 94.166 1
	-82.964 95.386 168.427 1
	-22.259 129.935 96.160 1
	-37.128 99.746 132.978 1
	-7.024 93.885 93.925 1
	8.738 55.405 8.233 1
	-3.054 93.667 178.597 1
	-60.436 162.560 141.607 1
	-7.494 52.987 82.088 1
	6.010 61.965 2.670 1
	-8.474 150.579 180.000 1
	-27.479 135.275 98.302 1
	77.441 92.567 151.599 1
	-10.966 172.919 161.735 1
	28.665 82.317 87.760 1
	-79.790 85.027 9.454 1
	68.703 102.130 171.240 1
	2.636 150.808 93.358 1
	-89.765 91.564 83.807 1
	-11.161 9.746 91.014 1
	-75.705 113.388 158.721 1
	20.357 64.601 97.288 1
	76.587 91.014 147.565 1
	23.239 172.202 113.858 1
	-16.186 77.326 11.161 1
	26.161 17.876 75.573 1
	30.149 143.400 170.197 1
	82.867 92.951 59.152 1
	-0.699 114.431 174.947 1
	28.098 62.882 82.437 1
	-83.285 97.128 116.946 1
	38.073 12.542 46.822 1
