This file is created by TexTools software, Resmat Corp.
ODF file name: file Created at Texture lab IITK

B 500 0
	88.808 77.899 66.704 1
	-64.166 99.878 116.425 1
	-85.835 153.438 146.104 1
	21.400 64.727 101.631 1
	-83.904 102.703 177.703 1
	24.763 63.547 12.892 1
	41.184 65.942 15.115 1
	-1.226 40.468 88.717 1
	-51.801 35.134 10.709 1
	-61.518 26.963 29.651 1
	89.548 89.232 53.675 1
	-30.149 109.252 108.587 1
	25.101 126.097 173.543 1
	61.857 100.199 152.349 1
	36.921 110.919 161.883 1
	-45.814 77.172 63.564 1
	17.286 67.231 99.064 1
	60.327 77.670 25.067 1
	-42.370 79.509 61.942 1
	30.407 111.051 162.898 1
	-21.463 43.390 1.306 1
	28.911 67.426 15.338 1
	46.730 101.379 151.622 1
	-36.904 68.010 72.863 1
	-89.616 89.169 127.008 1
	63.094 26.643 57.450 1
	-40.818 82.552 60.567 1
	62.876 150.579 180.000 1
	33.856 31.146 78.782 1
	65.953 28.212 5.099 1
	-88.138 90.361 142.449 1
	-62.258 153.604 146.396 1
	3.369 125.483 179.307 1
	89.794 89.049 49.675 1
	-56.093 93.673 39.505 1
	38.784 68.463 17.750 1
	-83.910 160.010 84.952 1
	-4.034 131.809 89.725 1
	0.854 45.395 90.407 1
	-80.420 89.370 136.255 1
	-86.362 88.258 10.783 1
	45.699 76.232 115.399 1
	-4.349 113.194 0.000 1
	-81.263 152.349 142.260 1
	-9.832 116.511 4.893 1
	23.571 66.119 13.510 1
	-7.552 80.203 84.849 1
	3.678 51.601 1.684 1
	-69.706 151.312 60.224 1
	-86.350 27.416 41.969 1
	86.986 162.794 174.649 1
	-80.369 89.433 46.186 1
	-52.815 72.359 149.983 1
	47.172 73.121 21.990 1
	-75.785 151.857 147.044 1
	44.633 75.745 114.855 1
	-23.984 86.625 11.104 1
	89.364 89.479 52.993 1
	81.406 79.040 75.035 1
	83.188 27.508 50.145 1
	-15.871 109.418 140.014 1
	23.537 113.933 166.404 1
	-50.352 13.550 150.333 1
	-75.688 86.706 140.632 1
	-34.303 120.178 101.465 1
	-89.318 90.527 143.062 1
	3.466 146.826 89.324 1
	-81.240 27.657 37.597 1
	-76.645 157.191 32.143 1
	84.379 152.521 130.480 1
	-88.195 93.902 85.949 1
	-50.632 105.023 112.930 1
	-37.449 58.797 79.853 1
	48.678 105.321 157.128 1
	88.425 69.145 5.013 1
	89.972 90.012 125.690 1
	-3.300 121.782 91.943 1
	-21.606 64.979 78.123 1
	-39.225 117.771 101.471 1
	49.933 71.116 19.589 1
	-13.493 93.472 145.869 1
	-62.395 88.144 47.321 1
	-71.849 151.639 147.319 1
	3.948 48.839 89.072 1
	87.067 23.073 7.139 1
	-89.221 91.381 53.085 1
	-31.369 139.933 176.603 1
	55.926 74.994 22.397 1
	36.835 110.392 161.534 1
	34.842 119.926 78.891 1
	-88.837 26.562 144.265 1
	-30.149 70.737 71.413 1
	89.719 86.562 64.727 1
	-33.300 62.384 77.126 1
	-28.877 130.187 94.246 1
	45.699 103.768 64.595 1
	61.014 142.025 159.185 1
	25.571 55.411 7.850 1
	2.389 50.552 0.000 1
	-0.264 126.796 89.920 1
	-83.205 89.708 130.629 1
	76.570 27.376 53.039 1
	-88.207 106.261 159.638 1
	52.156 25.674 61.593 1
	-72.399 93.192 34.549 1
	44.536 103.058 63.891 1
	-41.574 142.409 83.864 1
	-60.504 100.525 28.012 1
	-31.897 121.192 100.342 1
	-0.922 143.658 90.653 1
	0.722 54.167 1.547 1
	-89.983 90.000 143.463 1
	36.962 60.671 11.219 1
	-16.478 135.602 89.588 1
	13.854 119.943 83.045 1
	-53.440 152.957 62.389 1
	63.919 94.910 146.620 1
	-64.160 80.128 63.558 1
	33.461 148.751 100.273 1
	-43.155 106.473 112.535 1
	79.681 5.747 9.477 1
	-35.684 30.023 104.628 1
	-1.364 144.878 88.780 1
	-82.168 27.508 39.391 1
	-88.894 90.000 131.740 1
	-41.236 103.614 115.044 1
	43.997 68.572 17.596 1
	-35.013 68.950 72.250 1
	11.992 132.090 180.000 1
	-16.318 135.075 89.966 1
	-89.891 89.897 127.111 1
	-45.373 71.356 69.695 1
	-51.721 98.898 31.215 1
	-16.346 44.954 90.023 1
	29.874 55.697 9.379 1
	50.644 26.264 63.260 1
	29.897 130.165 176.167 1
	-84.173 152.521 139.578 1
	-81.927 27.582 125.271 1
	89.651 89.972 124.996 1
	-44.576 81.738 59.823 1
	-26.608 110.300 16.725 1
	-80.552 27.932 36.320 1
	38.199 111.612 162.428 1
	90.000 89.977 136.782 1
	39.185 65.913 15.619 1
	-89.439 95.249 155.827 1
	-84.660 27.462 40.726 1
	83.623 100.531 166.461 1
	-74.868 90.355 134.290 1
	-28.167 135.665 178.608 1
	-41.350 70.457 160.537 1
	-72.680 83.761 150.739 1
	61.478 102.405 155.930 1
	-88.339 83.612 113.537 1
	88.826 90.229 46.037 1
	-6.125 56.763 87.920 1
	33.696 30.464 76.725 1
	-35.025 61.942 77.418 1
	-19.452 44.954 90.075 1
	43.946 105.058 155.890 1
	-1.816 128.268 89.565 1
	35.340 41.402 87.966 1
	21.389 115.308 78.398 1
	-26.081 32.682 96.280 1
	-80.506 152.430 142.621 1
	36.589 139.194 94.452 1
	8.841 125.352 178.047 1
	-4.515 113.176 0.000 1
	-6.486 139.802 90.711 1
	-44.118 36.996 8.841 1
	-72.216 90.075 44.656 1
	36.005 116.792 77.378 1
	-5.518 47.544 90.247 1
	-28.762 112.563 105.092 1
	73.619 152.882 127.976 1
	-33.644 110.151 107.647 1
	-4.796 39.483 89.949 1
	54.855 97.483 147.101 1
	-61.415 95.512 126.331 1
	54.591 166.960 135.367 1
	62.080 87.897 132.273 1
	88.940 89.502 39.803 1
	-17.321 74.399 80.821 1
	6.704 139.309 90.699 1
	0.498 41.969 90.040 1
	-0.745 81.658 177.308 1
	83.887 152.498 129.849 1
	2.985 111.704 84.488 1
	-79.211 27.559 128.623 1
	73.831 88.419 131.414 1
	25.348 54.018 7.024 1
	-78.805 95.260 9.591 1
	64.297 89.147 134.227 1
	58.052 80.489 28.533 1
	89.989 89.989 142.013 1
	89.960 90.321 133.092 1
	14.771 44.301 89.611 1
	4.916 151.049 93.300 1
	-35.025 111.062 107.745 1
	56.442 90.063 136.605 1
	66.618 153.896 127.162 1
	-90.000 23.107 128.016 1
	-26.918 123.134 98.956 1
	-57.302 90.321 42.015 1
	-1.621 130.462 88.849 1
	-45.974 30.430 108.971 1
	33.678 69.660 18.541 1
	13.476 48.409 1.272 1
	-86.316 152.584 138.054 1
	12.261 156.137 100.772 1
	-28.929 127.873 180.000 1
	-64.498 30.372 111.990 1
	-50.747 74.914 67.156 1
	64.956 153.902 126.034 1
	66.526 26.104 52.895 1
	-31.753 123.793 98.795 1
	-86.969 152.602 137.435 1
	7.191 29.370 0.000 1
	-3.277 41.814 91.415 1
	87.605 79.269 11.459 1
	37.408 111.589 162.594 1
	-1.891 98.726 3.541 1
	53.314 154.939 117.502 1
	5.260 56.912 1.243 1
	89.983 90.000 40.130 1
	26.345 109.309 73.230 1
	61.507 103.138 157.283 1
	-63.312 91.370 42.932 1
	-32.292 42.405 2.590 1
	28.722 99.941 64.618 1
	-45.619 105.831 112.792 1
	57.387 77.997 25.989 1
	-31.937 149.278 77.802 1
	7.363 43.860 89.811 1
	36.526 69.987 108.999 1
	12.147 77.166 96.011 1
	10.170 134.920 89.662 1
	-34.469 32.040 101.528 1
	-43.763 119.559 177.772 1
	-22.660 133.551 90.722 1
	-74.548 90.195 45.791 1
	-89.685 88.998 34.693 1
	-86.379 152.424 50.248 1
	-73.276 95.787 29.937 1
	-63.232 78.833 65.208 1
	-89.313 27.250 47.269 1
	-77.796 152.498 51.669 1
	38.153 115.354 165.459 1
	-45.825 102.823 116.448 1
	24.058 148.115 99.666 1
	-61.243 78.100 64.922 1
	-0.304 31.799 89.158 1
	35.667 69.219 108.100 1
	89.399 90.774 33.868 1
	-74.857 90.281 44.353 1
	76.679 173.893 170.329 1
	38.170 68.400 17.544 1
	82.563 14.496 6.944 1
	-89.112 90.006 141.280 1
	-10.422 44.038 89.891 1
	45.458 76.816 116.024 1
	89.083 96.727 177.474 1
	-67.873 153.026 55.480 1
	1.186 116.929 176.018 1
	-3.140 45.819 89.548 1
	-70.892 101.133 177.955 1
	14.822 135.694 90.384 1
	-88.797 152.630 136.473 1
	39.763 144.196 100.800 1
	61.662 150.247 114.924 1
	42.983 69.271 18.466 1
	-47.716 33.787 12.284 1
	-57.852 73.934 158.119 1
	31.862 46.358 91.702 1
	89.215 90.023 132.731 1
	57.410 89.221 44.605 1
	89.656 90.321 45.143 1
	89.983 90.218 120.780 1
	18.856 133.929 180.000 1
	-4.039 114.150 180.000 1
	49.452 158.228 115.640 1
	12.554 130.044 177.903 1
	-0.682 36.360 89.295 1
	47.355 75.608 114.586 1
	37.729 37.242 81.171 1
	19.526 52.609 93.232 1
	1.261 126.899 89.920 1
	88.596 93.530 19.458 1
	-3.260 133.980 90.418 1
	-57.279 147.130 74.129 1
	-5.735 134.124 90.447 1
	16.845 51.910 3.638 1
	-65.105 150.419 154.338 1
	-23.010 45.321 0.000 1
	61.289 95.707 54.013 1
	-44.949 98.073 120.424 1
	55.858 106.335 159.128 1
	-69.712 29.060 25.560 1
	-23.973 48.770 0.000 1
	-40.949 62.384 78.575 1
	84.591 90.562 136.822 1
	-43.121 152.264 160.142 1
	73.619 27.124 52.042 1
	85.428 152.693 134.015 1
	-89.490 90.040 142.735 1
	-62.028 149.765 156.624 1
	-77.997 27.915 34.962 1
	-89.147 89.313 117.989 1
	55.863 73.665 20.873 1
	-68.148 75.184 156.165 1
	-58.894 74.559 157.844 1
	79.137 171.183 169.057 1
	65.827 27.760 2.349 1
	-89.467 84.248 4.549 1
	5.036 139.315 90.178 1
	-33.106 126.194 177.520 1
	-36.262 111.331 107.728 1
	-31.874 123.977 98.612 1
	-39.334 110.799 108.404 1
	36.154 115.978 165.940 1
	-40.669 67.821 161.924 1
	-89.960 90.252 50.432 1
	-43.023 106.633 112.363 1
	-29.645 48.879 87.330 1
	-44.089 149.548 161.356 1
	-82.133 91.816 11.591 1
	-89.284 89.450 36.515 1
	3.037 116.797 177.611 1
	59.175 154.057 121.822 1
	-10.514 133.058 90.745 1
	-42.038 107.922 111.102 1
	74.364 152.464 113.915 1
	63.570 29.479 5.243 1
	-25.101 134.135 90.361 1
	42.983 71.075 110.455 1
	44.759 138.461 179.502 1
	49.131 108.369 159.695 1
	12.210 124.618 175.864 1
	24.368 133.980 177.915 1
	48.403 74.026 21.572 1
	-46.157 70.709 157.781 1
	31.937 54.259 97.162 1
	0.481 129.162 90.556 1
	33.799 119.147 78.129 1
	2.000 39.998 90.040 1
	-25.497 57.153 81.601 1
	45.458 103.190 63.982 1
	0.985 125.031 178.213 1
	60.980 154.487 124.034 1
	-41.408 72.451 68.457 1
	-2.819 140.386 90.298 1
	24.179 57.725 8.445 1
	56.310 25.583 58.912 1
	-89.725 93.518 153.478 1
	1.925 139.997 89.954 1
	-71.219 59.399 82.609 1
	-53.394 27.044 117.588 1
	33.174 135.757 90.969 1
	70.365 89.049 42.273 1
	-2.137 69.935 0.000 1
	-17.406 105.613 99.219 1
	-88.058 152.624 137.533 1
	28.356 58.035 9.580 1
	-81.394 152.103 144.196 1
	-12.525 135.184 178.591 1
	59.416 77.750 23.520 1
	56.167 153.501 118.230 1
	-87.542 85.755 18.558 1
	-0.625 54.127 89.943 1
	88.499 104.433 180.000 1
	-60.860 100.921 27.078 1
	89.387 91.249 29.685 1
	-36.308 68.635 72.296 1
	38.732 122.733 82.466 1
	61.857 79.802 27.657 1
	-88.791 85.021 7.489 1
	-49.595 26.803 115.508 1
	-72.915 84.219 60.115 1
	55.915 105.006 157.604 1
	1.335 61.948 1.948 1
	-67.878 26.975 124.481 1
	-46.696 104.204 114.918 1
	-81.211 27.582 38.394 1
	-36.073 139.601 84.993 1
	-89.685 89.954 39.832 1
	-32.315 124.830 98.148 1
	-81.326 27.548 38.801 1
	23.113 48.203 92.515 1
	-26.075 57.617 80.615 1
	89.920 90.894 116.064 1
	30.407 68.950 17.103 1
	-76.198 152.235 145.789 1
	-82.792 27.519 38.692 1
	45.854 79.590 118.969 1
	62.074 92.109 47.739 1
	3.495 30.017 87.748 1
	63.558 101.316 155.701 1
	88.482 89.244 60.567 1
	-56.511 73.596 158.159 1
	59.290 81.841 120.338 1
	89.330 88.556 53.612 1
	-20.604 106.072 135.539 1
	28.911 112.575 164.674 1
	-36.457 138.587 176.958 1
	-22.380 45.040 90.229 1
	2.355 51.136 90.258 1
	89.284 90.161 37.609 1
	25.388 131.437 178.178 1
	6.440 46.954 89.301 1
	-84.769 77.344 13.745 1
	44.937 76.014 25.113 1
	66.303 145.560 176.087 1
	-84.586 152.516 139.779 1
	39.414 114.019 164.966 1
	-89.158 88.877 39.551 1
	56.620 100.812 63.295 1
	36.606 110.094 71.052 1
	58.430 88.631 41.173 1
	89.055 89.496 142.202 1
	-35.191 137.550 178.786 1
	-8.652 44.863 89.691 1
	77.859 27.743 54.672 1
	-88.024 27.548 44.393 1
	10.909 56.660 3.231 1
	-64.309 90.877 44.227 1
	43.957 111.205 162.170 1
	62.727 26.786 59.347 1
	2.223 52.712 89.874 1
	-85.096 152.550 139.080 1
	89.754 90.768 126.738 1
	-35.856 61.444 77.882 1
	89.782 87.445 153.862 1
	-87.399 27.382 43.310 1
	-89.931 90.350 138.415 1
	89.994 90.000 125.466 1
	84.574 25.686 39.792 1
	-49.612 153.197 64.475 1
	58.023 91.054 136.845 1
	47.836 105.596 157.019 1
	54.735 79.985 118.276 1
	-75.132 89.662 45.596 1
	-84.993 100.107 158.933 1
	34.842 60.080 101.121 1
	60.693 88.384 40.405 1
	-87.989 89.817 45.860 1
	13.539 129.082 177.663 1
	35.701 69.167 108.220 1
	-11.900 111.503 93.564 1
	-2.338 37.174 88.665 1
	59.336 84.431 35.690 1
	-28.167 127.970 178.299 1
	60.436 167.670 155.163 1
	19.429 45.373 2.114 1
	-89.823 89.868 47.492 1
	56.723 105.585 158.457 1
	84.546 102.325 99.276 1
	-57.370 31.599 108.828 1
	38.451 68.726 18.037 1
	31.306 58.682 100.216 1
	61.324 92.939 146.259 1
	-42.055 72.645 159.202 1
	-31.387 59.307 79.303 1
	-86.832 27.399 132.582 1
	1.885 69.861 1.152 1
	20.300 45.212 89.983 1
	50.025 75.751 24.053 1
	76.943 152.710 127.815 1
	-89.903 89.565 132.892 1
	6.343 133.052 90.705 1
	37.070 118.980 168.490 1
	70.365 90.957 137.739 1
	-46.289 101.110 118.803 1
	9.792 133.940 179.089 1
	46.960 95.959 145.583 1
	-63.524 153.094 57.777 1
	39.288 113.491 72.800 1
	48.151 107.435 68.761 1
	-81.039 9.442 58.310 1
	-25.147 50.718 0.659 1
	-31.072 45.006 89.221 1
	65.741 151.811 178.018 1
	25.777 45.458 1.971 1
	-10.296 50.145 90.103 1
	22.397 65.518 101.792 1
	66.876 152.229 174.443 1
	18.741 83.652 52.695 1
	-87.577 27.387 43.218 1
	-89.422 92.315 61.421 1
	40.342 69.282 18.438 1
	-67.838 75.120 152.980 1
	37.695 68.188 17.126 1
	87.135 10.308 3.415 1
	61.444 77.624 24.127 1
	6.509 104.536 81.354 1
	84.357 27.479 49.526 1
	-84.603 153.432 147.519 1
	-63.220 101.161 114.809 1
	-38.743 55.015 1.387 1
	-49.836 30.567 21.119 1
