This file is created by TexTools software, Resmat Corp.
ODF file name: file Created at Texture lab IITK

B 500 0
	18.931 126.429 177.686 1
	-35.632 169.246 125.094 1
	40.978 50.609 79.968 1
	-85.279 99.941 150.946 1
	-80.884 90.734 145.703 1
	-81.979 88.986 27.800 1
	41.941 99.718 138.851 1
	-89.691 97.810 168.736 1
	85.084 92.676 22.082 1
	-89.565 92.298 91.673 1
	-77.693 102.892 178.511 1
	-9.242 49.378 2.664 1
	-2.000 68.904 10.439 1
	65.861 72.273 23.864 1
	4.160 96.125 100.720 1
	-37.958 23.136 90.252 1
	-72.479 89.605 151.089 1
	18.220 131.666 85.285 1
	88.957 87.359 91.960 1
	-68.486 167.705 16.937 1
	18.398 67.151 95.174 1
	-2.578 146.167 87.244 1
	-14.141 125.237 100.096 1
	-89.737 83.514 10.468 1
	17.080 50.340 61.037 1
	-38.296 115.468 125.128 1
	-2.441 30.968 83.904 1
	89.307 87.978 124.091 1
	9.414 21.440 78.684 1
	-82.042 99.632 173.893 1
	-2.108 78.684 89.559 1
	-89.290 91.169 126.687 1
	87.949 88.533 8.812 1
	1.518 101.265 152.367 1
	-84.655 80.472 82.449 1
	82.821 86.259 170.323 1
	20.151 29.295 2.298 1
	73.207 95.409 173.033 1
	-4.629 7.735 51.543 1
	77.601 40.772 45.928 1
	0.006 82.804 25.245 1
	7.443 124.807 90.837 1
	-80.707 78.467 3.243 1
	-1.341 122.705 171.120 1
	9.706 97.214 92.750 1
	-2.578 33.833 92.756 1
	-78.363 18.220 19.016 1
	-14.278 105.063 169.670 1
	17.395 14.123 73.556 1
	-12.324 164.989 73.470 1
	-5.901 117.193 100.852 1
	-77.928 20.306 6.887 1
	-0.682 92.871 101.580 1
	84.190 93.564 52.535 1
	-58.195 164.628 157.105 1
	53.039 9.276 41.820 1
	35.907 102.714 89.129 1
	84.231 113.807 178.889 1
	85.709 86.379 84.471 1
	-85.313 20.317 30.292 1
	-82.861 86.408 30.034 1
	-4.584 49.309 81.520 1
	25.010 176.798 112.277 1
	38.468 159.672 130.766 1
	-87.353 85.623 179.290 1
	-7.764 79.068 88.734 1
	80.701 94.097 170.088 1
	73.150 139.905 132.869 1
	14.799 52.878 0.934 1
	-5.139 100.394 87.880 1
	15.739 91.272 102.588 1
	0.584 122.768 92.934 1
	-16.759 17.722 19.286 1
	-6.154 94.784 171.927 1
	-88.849 100.715 167.470 1
	-32.258 130.812 96.744 1
	10.646 81.583 4.968 1
	5.168 144.150 89.754 1
	1.226 79.836 0.000 1
	2.017 74.805 80.460 1
	-3.260 68.314 5.781 1
	78.564 38.377 19.165 1
	-87.410 88.384 175.468 1
	-18.014 117.468 99.385 1
	-3.105 96.068 89.003 1
	46.759 159.849 141.120 1
	-78.679 71.018 16.427 1
	10.416 111.343 166.885 1
	77.223 79.120 25.760 1
	-2.492 59.433 88.556 1
	4.360 113.640 174.695 1
	20.202 23.216 67.747 1
	-87.697 92.601 83.205 1
	11.264 104.989 178.734 1
	70.124 86.683 18.501 1
	-33.008 16.553 34.320 1
	11.201 71.339 21.509 1
	-3.111 76.370 89.765 1
	87.502 82.076 122.722 1
	13.350 103.940 168.329 1
	84.729 93.512 120.121 1
	-20.414 35.128 8.245 1
	87.370 162.651 180.000 1
	-12.347 15.006 106.542 1
	-37.701 171.211 122.773 1
	-1.478 67.873 2.578 1
	-39.528 50.260 88.957 1
	8.147 78.684 81.881 1
	-77.218 78.701 2.315 1
	76.553 13.321 2.406 1
	88.528 93.633 168.896 1
	-81.360 14.513 13.316 1
	-14.192 96.469 178.161 1
	82.586 103.516 151.083 1
	-62.074 7.294 93.329 1
	25.164 62.298 40.542 1
	10.955 80.993 83.984 1
	84.614 91.771 62.756 1
	-86.574 94.131 96.320 1
	-86.253 86.156 92.304 1
	-85.543 170.203 72.072 1
	-89.576 87.703 88.333 1
	-77.452 83.348 1.352 1
	-81.377 165.482 166.817 1
	-87.812 89.725 14.318 1
	-36.005 28.270 101.608 1
	88.522 82.833 14.118 1
	73.207 84.591 6.967 1
	-19.905 34.658 99.317 1
	-10.583 97.305 170.541 1
	-27.078 103.321 93.753 1
	89.977 84.110 168.776 1
	89.353 89.891 54.282 1
	-81.979 91.014 152.195 1
	56.643 165.264 138.713 1
	-88.843 75.934 18.478 1
	52.093 89.611 113.893 1
	5.982 85.709 0.000 1
	-10.726 124.624 93.048 1
	4.085 93.661 175.881 1
	-21.664 8.016 58.304 1
	4.372 78.100 73.052 1
	72.955 93.719 150.929 1
	-83.039 91.117 74.811 1
	22.941 127.878 176.316 1
	-90.000 94.859 173.154 1
	-84.483 94.630 163.396 1
	-89.645 88.356 95.621 1
	84.448 111.228 165.424 1
	-65.386 88.236 23.703 1
	-85.245 5.076 163.654 1
	-14.840 126.114 110.455 1
	29.840 10.680 66.222 1
	-78.243 164.685 177.932 1
	-24.970 52.128 85.285 1
	-2.492 120.568 91.438 1
	-4.332 58.470 91.438 1
	87.313 116.242 96.463 1
	36.051 79.910 40.669 1
	89.467 82.231 74.605 1
	87.227 14.301 0.819 1
	-62.544 147.021 123.518 1
	64.618 9.792 53.812 1
	-5.707 99.082 89.015 1
	-83.577 86.969 52.701 1
	-87.049 91.181 55.938 1
	77.911 92.023 169.309 1
	5.174 35.850 90.247 1
	86.923 90.229 5.466 1
	79.693 96.881 152.218 1
	-25.531 6.755 19.171 1
	11.264 75.012 1.255 1
	20.644 171.635 102.514 1
	83.703 86.895 74.697 1
	-16.232 144.523 89.570 1
	-88.350 92.097 74.868 1
	-18.868 107.710 153.335 1
	89.611 107.664 95.965 1
	-17.939 72.428 84.053 1
	66.595 68.297 25.313 1
	77.487 89.169 1.232 1
	-14.840 53.887 69.540 1
	78.908 89.628 3.644 1
	3.644 103.883 99.746 1
	23.795 146.184 106.908 1
	-1.427 127.735 176.362 1
	67.976 89.284 24.448 1
	-0.052 130.783 101.935 1
	85.015 88.786 4.927 1
	83.039 85.262 56.562 1
	-38.623 9.517 132.789 1
	83.703 93.094 105.304 1
	11.963 83.560 85.050 1
	-72.433 41.803 41.877 1
	89.347 94.601 163.574 1
	-31.753 32.103 15.510 1
	-32.206 69.523 1.249 1
	-36.005 151.731 78.392 1
	-1.066 61.255 2.584 1
	-3.885 59.410 88.980 1
	5.019 59.295 87.410 1
	-89.765 96.486 169.538 1
	45.659 91.140 126.389 1
	-1.553 105.069 89.381 1
	-77.796 87.164 14.152 1
	32.326 37.208 8.463 1
	44.032 39.929 68.497 1
	21.721 177.262 109.189 1
	-31.495 161.139 87.433 1
	-89.490 78.799 10.674 1
	-34.349 100.107 133.144 1
	-1.473 125.483 180.000 1
	-2.378 76.650 82.861 1
	-86.918 87.485 21.463 1
	-10.783 86.362 86.391 1
	-22.895 120.940 118.287 1
	7.993 95.094 174.552 1
	46.771 20.145 38.881 1
	39.952 4.796 54.288 1
	81.188 21.159 7.231 1
	-5.414 79.704 91.473 1
	4.085 86.339 4.120 1
	78.948 81.704 28.854 1
	-32.063 141.337 162.961 1
	-22.689 110.529 94.910 1
	82.741 90.338 57.640 1
	1.318 160.170 90.218 1
	-78.043 13.098 3.570 1
	81.681 92.315 10.754 1
	-10.193 54.832 85.766 1
	-75.241 84.867 148.768 1
	9.414 162.657 90.522 1
	-80.650 100.778 66.761 1
	70.869 27.089 13.247 1
	-28.023 43.447 75.888 1
	86.522 76.937 180.000 1
	-46.845 94.274 124.888 1
	-84.345 91.473 57.674 1
	-0.350 97.638 95.375 1
	-21.417 72.651 84.763 1
	-50.609 104.049 115.228 1
	-0.052 49.217 78.065 1
	-11.700 157.793 177.010 1
	-58.728 137.848 155.713 1
	86.499 93.094 2.252 1
	-6.881 50.071 69.024 1
	78.782 88.333 159.070 1
	28.281 64.263 86.746 1
	-0.911 101.219 175.096 1
	-5.139 79.607 92.120 1
	-88.407 161.689 163.121 1
	-86.866 89.261 121.221 1
	-2.555 62.212 83.898 1
	-0.739 92.051 90.940 1
	-84.603 92.498 91.782 1
	6.343 99.574 99.253 1
	12.937 84.236 77.372 1
	32.326 142.793 171.532 1
	-70.182 45.166 29.146 1
	1.089 87.771 66.010 1
	-86.053 94.091 81.394 1
	89.399 93.300 10.405 1
	-1.100 108.919 160.090 1
	80.569 11.585 8.715 1
	-31.427 136.622 95.512 1
	-73.356 80.581 5.867 1
	-11.333 161.104 177.800 1
	10.330 97.248 178.362 1
	-11.494 82.947 7.998 1
	-11.528 111.807 174.145 1
	-82.397 89.026 5.810 1
	41.408 12.118 39.110 1
	20.105 113.205 85.554 1
	85.124 89.175 58.757 1
	-1.134 85.239 4.418 1
	87.645 88.367 155.363 1
	74.662 84.397 29.106 1
	-8.967 158.429 89.158 1
	-88.493 91.496 53.337 1
	83.807 177.388 126.297 1
	-75.138 82.661 61.965 1
	-18.037 5.145 153.851 1
	2.836 116.184 180.000 1
	-85.485 74.020 0.000 1
	-57.542 83.274 70.199 1
	13.350 76.066 11.671 1
	52.632 65.655 26.958 1
	-32.985 163.448 145.669 1
	81.486 89.536 89.038 1
	86.505 103.052 0.000 1
	56.356 96.085 65.821 1
	9.425 17.343 89.473 1
	-78.650 63.266 15.264 1
	-82.168 84.683 26.929 1
	-38.491 80.884 48.432 1
	-89.805 92.355 155.358 1
	-17.710 74.347 4.635 1
	-18.014 62.538 80.621 1
	21.572 42.026 72.708 1
	-77.779 14.891 1.679 1
	6.337 57.026 11.751 1
	21.606 2.739 70.904 1
	76.914 76.616 19.567 1
	-73.786 100.136 150.487 1
	-89.725 88.087 21.343 1
	83.640 160.514 176.270 1
	62.109 169.498 158.303 1
	57.886 78.209 117.582 1
	87.514 87.663 176.545 1
	-65.386 91.765 156.297 1
	-87.502 10.262 39.752 1
	77.596 139.229 134.066 1
	-7.895 52.248 1.782 1
	-82.833 94.108 170.850 1
	-81.446 133.746 157.844 1
	67.477 23.325 17.727 1
	3.547 93.914 77.848 1
	-2.212 120.682 89.221 1
	88.436 98.681 104.599 1
	89.725 77.200 173.176 1
	84.145 84.947 83.686 1
	-32.074 38.663 17.034 1
	-0.934 152.372 111.916 1
	77.475 153.696 172.013 1
	-69.248 172.174 143.864 1
	85.096 89.192 171.715 1
	81.394 89.479 7.506 1
	-20.414 144.878 171.744 1
	-45.590 177.686 173.595 1
	-82.357 16.117 10.863 1
	-2.653 79.538 28.396 1
	5.781 100.674 97.569 1
	87.514 80.323 86.287 1
	-83.875 64.269 80.564 1
	18.358 9.454 81.291 1
	-86.505 103.052 0.000 1
	25.749 115.422 157.151 1
	-73.356 99.420 174.128 1
	19.979 48.713 92.109 1
	83.039 94.739 123.432 1
	-84.282 98.566 165.430 1
	25.044 73.379 97.827 1
	37.047 108.054 173.578 1
	38.468 20.329 49.234 1
	-2.315 78.444 5.088 1
	17.922 117.491 78.845 1
	-88.247 156.687 148.528 1
	-3.111 103.631 90.235 1
	10.193 170.151 105.281 1
	-38.296 64.532 54.872 1
	-34.120 73.574 89.238 1
	87.674 105.842 102.812 1
	-49.074 173.176 31.868 1
	4.120 158.790 92.716 1
	-79.137 100.760 119.891 1
	75.630 96.274 147.118 1
	-80.088 87.806 122.710 1
	-7.758 100.932 91.272 1
	-16.914 80.346 11.075 1
	5.414 120.699 91.673 1
	-87.685 79.710 8.881 1
	-22.666 161.746 82.924 1
	-1.908 166.095 87.726 1
	-89.811 85.147 6.847 1
	10.376 114.271 158.984 1
	-3.168 69.632 22.076 1
	1.421 58.900 4.584 1
	-82.168 95.312 153.066 1
	76.685 94.475 144.993 1
	-79.882 93.289 163.402 1
	-21.887 100.348 93.300 1
	-42.794 174.460 136.639 1
	32.229 173.715 115.147 1
	-19.910 14.542 42.651 1
	-14.897 87.210 174.340 1
	0.338 119.353 178.270 1
	-2.263 60.877 79.779 1
	73.150 40.090 47.137 1
	77.166 80.117 32.916 1
	89.823 105.361 99.345 1
	12.508 54.225 4.251 1
	4.200 25.159 87.972 1
	-8.720 13.820 86.757 1
	87.307 101.849 97.426 1
	-42.456 97.603 172.174 1
	-22.890 59.060 61.708 1
	56.688 39.975 11.751 1
	-77.349 91.954 31.272 1
	68.234 171.223 165.665 1
	-49.664 72.536 63.014 1
	88.384 102.090 95.592 1
	-58.373 98.520 117.244 1
	54.901 140.042 169.389 1
	-84.385 91.387 127.432 1
	21.669 104.467 87.451 1
	84.614 88.230 117.244 1
	83.583 2.624 157.134 1
	2.521 67.907 1.719 1
	-66.984 143.858 151.524 1
	-4.589 130.686 98.469 1
	54.316 145.331 123.008 1
	-89.777 94.527 164.989 1
	85.050 162.067 178.155 1
	-25.336 5.443 13.270 1
	-1.209 94.389 171.589 1
	28.275 115.732 93.249 1
	-10.749 98.411 96.887 1
	39.483 41.230 3.879 1
	5.758 118.688 176.041 1
	-3.885 120.590 91.020 1
	85.119 92.447 167.487 1
	4.887 122.968 165.522 1
	-89.158 160.503 170.438 1
	0.579 57.233 87.067 1
	-17.183 88.339 8.680 1
	4.332 58.860 2.968 1
	-87.170 119.605 101.998 1
	-35.638 10.749 54.912 1
	-23.875 22.517 85.050 1
	89.708 74.616 80.650 1
	69.190 9.803 4.836 1
	-81.939 88.854 62.733 1
	-0.138 97.248 155.168 1
	-79.234 4.790 131.035 1
	78.787 170.564 172.483 1
	75.172 99.981 148.293 1
	21.675 124.779 94.784 1
	-58.528 164.364 146.419 1
	4.945 63.381 1.782 1
	-2.618 149.278 89.777 1
	-77.825 97.351 173.566 1
	85.010 90.258 21.411 1
	-57.439 126.142 153.186 1
	-6.154 85.216 8.073 1
	0.367 110.610 177.892 1
	-9.242 130.623 177.319 1
	-25.050 127.374 96.045 1
	35.604 134.628 92.000 1
	-85.101 159.403 169.722 1
	3.375 30.739 87.250 1
	9.081 58.843 59.949 1
	-81.933 91.146 117.267 1
	-78.438 88.608 97.426 1
	11.700 58.877 53.165 1
	-86.511 90.848 79.630 1
	80.644 168.409 171.521 1
	-59.628 33.128 55.273 1
	-77.997 166.845 176.500 1
	9.517 11.637 80.942 1
	3.386 149.261 92.762 1
	70.388 166.301 127.036 1
	87.319 63.759 83.537 1
	-58.562 8.279 73.654 1
	-88.350 87.903 105.132 1
	-88.499 94.641 124.074 1
	-89.651 91.645 84.379 1
	44.840 98.079 122.516 1
	10.416 68.658 13.115 1
	-73.344 39.580 31.960 1
	-76.822 91.232 32.682 1
	-1.587 80.999 85.594 1
	39.563 138.742 176.952 1
	34.549 149.129 177.210 1
	-4.412 18.627 8.239 1
	-77.195 173.623 134.502 1
	-72.428 138.203 138.215 1
	52.082 119.112 152.349 1
	-15.584 61.066 16.707 1
	5.907 113.056 170.913 1
	-28.287 63.106 64.710 1
	-50.208 35.627 13.808 1
	89.639 82.019 169.876 1
	89.525 87.078 62.710 1
	-53.531 50.947 20.902 1
	38.955 169.956 40.491 1
	-10.296 34.160 89.960 1
	88.384 92.590 126.687 1
	0.579 122.768 92.934 1
	37.557 170.071 141.085 1
	89.754 95.151 15.172 1
	11.350 164.359 108.558 1
	-88.407 94.807 101.757 1
	55.915 96.572 163.287 1
	65.403 18.455 21.675 1
	12.737 95.294 178.436 1
	-4.406 161.374 171.750 1
	-40.611 159.953 94.624 1
	-1.478 112.128 177.416 1
	14.272 91.845 11.161 1
	-5.724 49.406 80.306 1
	24.156 52.477 2.739 1
	21.417 72.640 95.128 1
	9.328 97.884 178.270 1
	17.922 62.510 101.156 1
	75.161 98.520 115.737 1
	78.558 141.624 160.829 1
	37.941 73.092 5.002 1
	87.640 74.164 77.189 1
	25.634 67.626 21.429 1
	-11.539 68.193 5.856 1
