This file is created by TexTools software, Resmat Corp.
ODF file name: file Created at Texture lab IITK

B 1000 0
	-87.645 103.167 116.574 1
	-50.065 111.939 156.028 1
	3.862 16.175 104.588 1
	-63.799 56.310 44.639 1
	4.715 33.197 42.382 1
	85.778 62.384 40.050 1
	-81.475 63.535 31.891 1
	-31.954 47.229 38.801 1
	65.357 100.835 178.247 1
	-31.650 129.615 142.672 1
	62.980 133.402 125.535 1
	-0.052 47.217 44.943 1
	81.343 63.163 54.465 1
	-50.334 79.366 11.906 1
	-47.905 71.614 108.959 1
	-23.342 129.242 144.374 1
	6.194 1.249 128.973 1
	1.931 125.461 133.992 1
	-25.777 31.490 137.899 1
	-31.209 133.012 141.228 1
	-25.130 127.638 144.546 1
	43.917 91.891 0.000 1
	-48.157 107.825 159.998 1
	-82.500 118.453 130.560 1
	41.310 122.464 122.596 1
	-24.947 16.816 25.302 1
	-5.770 71.333 50.289 1
	-32.727 46.942 39.208 1
	44.112 91.186 178.746 1
	85.938 117.777 138.083 1
	-39.528 101.889 166.232 1
	28.854 52.305 144.213 1
	-48.438 65.776 26.448 1
	47.876 100.955 11.602 1
	19.819 64.744 58.705 1
	58.946 52.987 43.327 1
	-77.389 115.170 67.122 1
	1.421 54.379 45.819 1
	-9.333 145.239 136.840 1
	88.299 62.831 45.659 1
	7.483 62.057 33.507 1
	0.361 24.030 45.579 1
	-40.302 83.744 97.076 1
	-84.408 118.012 38.904 1
	-47.429 71.729 21.738 1
	-87.582 117.078 40.520 1
	-55.703 63.071 30.269 1
	82.076 118.052 136.335 1
	-14.267 57.966 36.543 1
	-72.107 57.955 47.189 1
	59.622 41.574 50.208 1
	-58.178 8.457 64.080 1
	-52.861 63.782 27.078 1
	-33.587 133.316 140.357 1
	56.173 123.616 131.752 1
	-24.809 50.248 35.770 1
	25.846 119.914 120.184 1
	20.243 51.835 53.572 1
	-59.759 55.096 44.891 1
	-43.980 132.405 136.633 1
	-79.624 63.753 118.539 1
	11.706 124.108 127.752 1
	4.750 139.555 135.201 1
	44.771 129.752 132.147 1
	2.464 22.431 45.264 1
	-24.924 163.895 156.011 1
	-27.725 110.953 153.581 1
	50.667 130.021 134.806 1
	52.884 80.311 73.654 1
	0.900 51.881 46.135 1
	50.031 112.833 114.953 1
	-37.855 83.921 95.896 1
	66.732 99.993 177.749 1
	-28.235 128.898 143.595 1
	9.397 112.237 125.976 1
	52.271 123.346 37.208 1
	88.293 62.189 53.480 1
	-50.420 72.640 109.252 1
	68.125 113.045 113.165 1
	48.289 110.564 111.698 1
	-44.971 106.232 71.305 1
	10.101 55.044 51.148 1
	-16.914 50.518 37.122 1
	-29.043 50.151 36.755 1
	-23.623 110.810 151.249 1
	56.585 122.899 129.735 1
	51.509 66.457 62.962 1
	88.614 116.860 136.467 1
	-87.525 118.396 128.572 1
	-50.420 71.408 20.604 1
	-32.750 133.568 139.212 1
	82.099 61.948 43.665 1
	-60.905 127.088 131.603 1
	7.311 122.865 129.305 1
	42.536 97.271 97.019 1
	-21.423 141.039 141.028 1
	-0.275 25.680 44.129 1
	-60.711 125.163 134.731 1
	81.538 59.599 51.784 1
	-12.599 54.780 37.649 1
	60.900 134.708 132.708 1
	-69.420 123.862 130.892 1
	-31.845 63.209 28.854 1
	-42.428 78.925 10.336 1
	51.429 88.167 89.846 1
	-0.155 131.494 135.212 1
	-7.563 118.110 140.168 1
	-58.562 125.776 135.533 1
	-49.160 107.808 163.539 1
	28.837 131.849 127.420 1
	-88.637 132.898 68.468 1
	-62.756 126.681 131.190 1
	84.047 116.631 124.366 1
	-87.302 117.176 40.863 1
	-50.947 59.496 34.824 1
	71.156 121.668 135.224 1
	-49.343 72.502 17.825 1
	-58.018 54.179 44.714 1
	-44.674 77.195 106.238 1
	-58.608 54.185 44.559 1
	-49.675 113.400 154.939 1
	89.805 63.186 47.911 1
	7.105 79.274 129.993 1
	72.892 58.453 43.293 1
	16.942 167.900 121.788 1
	-0.928 56.568 44.427 1
	34.807 55.737 56.711 1
	-88.528 63.123 47.836 1
	13.104 80.873 64.796 1
	3.552 123.885 42.920 1
	75.527 160.491 156.647 1
	0.344 47.028 45.453 1
	26.356 112.420 26.717 1
	-2.263 54.809 43.768 1
	68.056 113.108 110.163 1
	1.112 58.390 45.934 1
	33.369 110.363 23.268 1
	42.657 128.245 130.674 1
	-49.378 109.739 158.663 1
	-27.021 128.893 143.916 1
	-37.993 71.551 108.816 1
	-33.770 133.413 140.289 1
	-41.270 109.297 161.093 1
	25.565 128.125 125.420 1
	15.458 42.376 48.713 1
	45.613 85.457 175.285 1
	66.268 63.106 55.004 1
	53.875 129.998 136.782 1
	72.353 61.650 49.080 1
	-46.874 106.610 72.892 1
	48.667 78.873 166.427 1
	-25.084 130.600 143.669 1
	16.089 120.504 124.842 1
	7.116 55.227 48.936 1
	46.123 105.854 109.750 1
	-16.473 123.919 145.875 1
	51.629 110.334 111.715 1
	-50.483 108.765 159.208 1
	-55.268 121.754 141.343 1
	85.056 62.378 40.709 1
	-22.597 64.320 29.966 1
	82.225 60.905 38.457 1
	-36.182 66.841 24.225 1
	18.151 128.394 127.202 1
	61.639 113.681 117.749 1
	-26.723 130.531 143.566 1
	89.129 93.381 178.958 1
	48.289 69.442 68.308 1
	-86.316 116.694 140.753 1
	-21.543 51.194 35.735 1
	7.998 80.438 151.427 1
	-32.217 47.447 38.749 1
	-89.559 62.447 38.950 1
	89.760 116.998 130.955 1
	-7.489 22.970 139.979 1
	0.825 57.697 45.676 1
	-33.673 69.569 23.904 1
	48.913 68.663 67.219 1
	90.000 64.045 2.538 1
	-29.272 131.528 142.518 1
	0.458 26.963 44.840 1
	-33.363 129.506 141.733 1
	83.331 116.998 125.025 1
	-49.171 103.029 75.848 1
	85.279 117.095 124.108 1
	-83.629 118.430 131.454 1
	5.191 33.593 44.462 1
	25.457 129.592 35.861 1
	-44.502 102.468 168.467 1
	88.327 116.952 136.857 1
	6.383 149.204 124.985 1
	-1.495 54.253 44.244 1
	43.969 64.865 153.461 1
	0.596 22.133 135.946 1
	-28.894 112.546 153.295 1
	-11.557 56.711 36.646 1
	46.662 107.172 108.083 1
	-61.232 124.762 135.029 1
	74.198 114.574 115.760 1
	-51.761 126.417 137.475 1
	-45.172 72.599 108.209 1
	71.528 57.800 42.880 1
	-33.226 135.018 137.917 1
	-15.384 127.512 53.772 1
	-4.486 148.173 135.115 1
	-88.281 63.186 45.762 1
	45.556 104.456 107.298 1
	-89.015 63.266 47.109 1
	-84.041 63.770 39.780 1
	89.410 63.266 46.461 1
	45.865 101.442 15.218 1
	-84.792 117.955 128.921 1
	-37.300 119.691 60.012 1
	0.963 164.869 133.471 1
	-47.114 53.612 38.417 1
	85.319 117.852 140.793 1
	53.927 108.323 108.530 1
	0.149 54.328 45.057 1
	57.886 90.430 91.117 1
	88.104 62.945 42.978 1
	-83.411 118.528 131.333 1
	-46.272 73.700 16.593 1
	62.796 78.283 167.705 1
	86.683 62.538 42.594 1
	46.112 107.195 109.423 1
	79.263 119.783 138.450 1
	65.999 79.337 1.856 1
	-15.951 128.010 142.179 1
	72.319 50.793 43.132 1
	-27.370 51.434 36.073 1
	-15.831 147.044 135.585 1
	-79.378 60.676 44.960 1
	50.002 113.148 115.044 1
	87.983 117.055 139.779 1
	25.164 16.014 50.753 1
	0.579 154.149 44.038 1
	24.666 125.552 123.730 1
	-22.867 51.159 35.907 1
	-63.438 121.691 138.793 1
	-49.355 51.778 43.218 1
	35.856 38.010 40.560 1
	-59.456 128.016 131.820 1
	-41.568 146.207 128.176 1
	-82.122 62.189 134.851 1
	-44.605 74.410 106.965 1
	-1.226 125.231 135.751 1
	40.989 44.891 134.129 1
	-0.464 55.376 44.737 1
	-86.946 63.323 42.576 1
	-24.740 52.208 35.094 1
	-38.377 78.913 104.926 1
	-74.026 58.516 48.197 1
	-26.923 112.477 153.295 1
	61.450 124.607 134.834 1
	6.583 40.330 46.874 1
	-0.057 158.532 135.052 1
	-46.329 137.819 128.486 1
	53.560 50.936 45.470 1
	58.356 134.811 129.827 1
	-0.510 54.053 44.777 1
	-18.976 120.860 147.863 1
	25.949 131.116 126.790 1
	23.004 148.545 139.034 1
	9.076 3.358 132.090 1
	14.914 56.270 55.187 1
	84.712 61.862 38.892 1
	12.301 67.506 149.863 1
	-89.800 116.763 138.140 1
	-24.053 61.679 30.258 1
	-18.289 124.962 146.081 1
	25.571 44.129 49.280 1
	-89.559 63.100 41.551 1
	66.434 112.592 113.555 1
	-45.384 103.465 76.519 1
	50.615 62.292 60.613 1
	88.436 116.906 49.246 1
	38.337 124.240 124.252 1
	50.311 73.883 162.078 1
	-64.005 59.209 49.521 1
	86.413 62.498 45.407 1
	-49.395 108.008 162.176 1
	29.038 130.875 127.346 1
	-59.307 137.464 144.116 1
	62.286 126.647 138.455 1
	23.159 60.098 148.952 1
	-87.107 62.790 48.919 1
	19.687 51.520 53.640 1
	-30.201 50.690 36.841 1
	-3.151 153.868 135.327 1
	-50.506 60.825 31.713 1
	-55.543 111.801 64.567 1
	-24.901 49.498 126.475 1
	51.990 69.752 68.096 1
	-17.670 124.996 145.783 1
	-75.098 81.515 179.639 1
	43.911 88.150 180.000 1
	3.999 32.928 45.997 1
	90.000 116.786 131.826 1
	21.853 120.602 121.754 1
	84.798 117.519 138.157 1
	-8.262 149.800 136.095 1
	29.547 51.245 53.085 1
	-0.229 38.090 45.109 1
	-45.521 75.120 14.771 1
	37.191 71.763 68.451 1
	-56.562 62.252 33.953 1
	-24.087 135.149 140.575 1
	-89.295 116.769 136.719 1
	-84.981 120.665 121.903 1
	52.466 63.255 59.668 1
	49.561 107.922 106.077 1
	-70.353 123.942 129.288 1
	-87.794 62.384 126.899 1
	-84.213 61.971 47.475 1
	-75.143 122.865 127.305 1
	58.213 51.967 42.703 1
	0.464 141.893 135.556 1
	-88.574 116.786 132.789 1
	17.653 57.227 55.359 1
	-39.345 49.555 40.502 1
	-53.915 61.364 34.148 1
	18.547 51.721 53.136 1
	59.416 71.322 156.263 1
	54.987 125.793 133.184 1
	1.261 18.581 48.461 1
	2.939 125.512 43.367 1
	13.075 116.316 147.674 1
	-46.261 52.271 41.505 1
	3.077 155.696 137.200 1
	-2.051 123.553 46.341 1
	-22.775 56.081 32.876 1
	-27.215 49.188 36.497 1
	81.784 64.091 57.777 1
	-31.559 50.529 37.225 1
	47.126 104.628 107.722 1
	88.608 63.277 133.505 1
	-40.371 68.090 23.176 1
	88.986 63.312 43.952 1
	78.919 115.222 32.452 1
	-27.158 129.494 143.830 1
	2.447 23.680 45.304 1
	53.107 128.509 135.092 1
	18.403 113.308 121.937 1
	1.346 58.201 46.152 1
	45.338 113.440 117.118 1
	-79.979 60.235 51.154 1
	76.965 78.398 4.675 1
	-86.007 62.533 43.768 1
	-2.601 97.689 156.893 1
	-90.000 116.815 138.610 1
	-0.023 155.014 136.519 1
	-45.476 47.853 43.929 1
	3.369 26.786 36.962 1
	-33.782 48.392 38.497 1
	-87.577 116.815 133.167 1
	-27.158 48.850 126.727 1
	-84.740 78.203 71.643 1
	12.147 123.673 125.077 1
	-10.749 109.561 152.195 1
	-22.809 50.346 36.520 1
	-24.660 2.624 91.753 1
	-31.112 49.738 127.495 1
	89.502 117.416 140.610 1
	-31.960 49.939 37.563 1
	8.841 35.117 45.630 1
	-88.556 63.128 45.218 1
	-21.406 77.309 85.159 1
	48.094 128.681 133.041 1
	89.181 65.449 12.393 1
	-16.925 53.910 35.775 1
	-58.149 57.703 38.153 1
	57.846 126.337 135.224 1
	25.290 122.046 121.771 1
	-24.752 130.296 143.761 1
	-28.104 146.952 129.534 1
	-54.511 59.221 125.965 1
	-26.631 66.572 27.760 1
	-84.443 61.931 141.377 1
	-46.690 107.166 161.763 1
	64.549 124.584 136.696 1
	-23.617 124.888 146.311 1
	-89.874 63.025 42.445 1
	-39.036 69.781 111.721 1
	-25.783 128.560 144.557 1
	6.079 121.519 50.701 1
	-89.290 63.220 43.361 1
	-27.118 41.242 42.491 1
	-84.500 118.104 131.929 1
	55.892 71.052 161.081 1
	79.229 60.229 41.637 1
	-0.636 46.410 44.456 1
	-31.983 48.512 38.497 1
	-10.147 26.219 47.097 1
	-0.602 46.381 44.192 1
	67.070 52.981 37.534 1
	0.762 56.012 45.447 1
	24.081 111.721 28.230 1
	-5.283 57.852 40.760 1
	-36.646 151.645 127.363 1
	-0.527 125.948 135.229 1
	45.756 106.450 109.286 1
	24.769 130.061 125.999 1
	37.254 40.944 42.680 1
	1.301 57.382 45.860 1
	-24.918 52.563 34.693 1
	-25.084 52.431 35.208 1
	21.497 129.620 126.154 1
	-87.938 117.021 43.602 1
	-47.871 49.108 45.063 1
	49.240 129.592 134.210 1
	16.730 18.776 33.254 1
	72.256 123.249 141.131 1
	-81.990 116.838 147.892 1
	46.891 107.687 108.197 1
	-87.307 118.230 129.517 1
	49.830 73.081 161.408 1
	-49.137 72.479 108.318 1
	55.038 54.208 46.793 1
	9.918 28.465 42.685 1
	-32.710 133.064 140.747 1
	-49.412 74.851 106.415 1
	67.981 55.554 40.972 1
	-75.195 120.808 131.654 1
	59.725 62.796 54.614 1
	-27.439 120.172 150.052 1
	84.190 117.972 133.058 1
	50.197 67.661 65.741 1
	88.270 63.088 41.585 1
	14.897 111.578 129.070 1
	-21.509 54.081 33.971 1
	33.071 38.698 42.221 1
	-50.243 118.809 148.843 1
	-4.372 127.088 129.620 1
	-28.155 47.802 37.758 1
	-34.939 130.858 140.741 1
	-54.723 74.192 109.091 1
	-73.218 89.261 18.375 1
	52.305 115.652 119.078 1
	-79.515 62.808 40.978 1
	-42.416 101.001 169.424 1
	-8.239 152.418 134.061 1
	-83.606 61.570 48.552 1
	-25.170 136.055 140.094 1
	-87.267 62.722 46.742 1
	57.405 120.482 126.446 1
	50.260 52.867 47.424 1
	-66.417 129.500 124.996 1
	-69.425 56.121 49.160 1
	-60.963 169.544 26.889 1
	-24.889 49.509 36.429 1
	24.574 116.053 27.301 1
	89.536 116.729 133.333 1
	-56.706 121.060 142.420 1
	16.518 126.612 126.223 1
	-16.180 54.735 36.119 1
	-47.361 70.480 110.220 1
	-24.110 112.987 150.980 1
	59.771 117.262 125.489 1
	-15.733 151.828 143.767 1
	29.868 132.514 127.976 1
	47.389 109.389 111.228 1
	-27.152 129.500 143.847 1
	63.054 151.152 159.133 1
	20.220 128.732 36.159 1
	-49.481 112.472 155.644 1
	15.556 27.794 45.407 1
	-48.868 115.382 131.666 1
	0.155 57.771 45.126 1
	37.787 137.945 137.000 1
	47.968 51.899 48.678 1
	-86.219 99.380 117.554 1
	-45.344 93.988 85.990 1
	51.131 63.232 62.601 1
	-17.596 55.737 33.736 1
	65.014 38.938 132.319 1
	15.774 124.229 124.257 1
	-22.941 39.546 43.281 1
	0.178 16.960 45.390 1
	48.260 72.290 70.394 1
	-35.025 47.584 129.420 1
	-53.955 70.176 19.876 1
	-18.925 52.609 35.775 1
	56.041 108.610 18.203 1
	-0.201 48.524 44.708 1
	-1.478 113.073 140.191 1
	-26.545 51.182 35.953 1
	42.216 120.058 119.754 1
	89.886 116.832 42.193 1
	50.289 112.437 114.076 1
	-25.273 128.537 144.649 1
	15.562 30.923 41.316 1
	-27.863 173.658 43.636 1
	51.727 67.855 63.157 1
	87.915 117.004 138.942 1
	-83.176 62.074 45.871 1
	-49.641 103.660 165.018 1
	10.943 28.356 44.994 1
	-18.403 54.259 34.492 1
	-1.129 156.790 135.527 1
	62.252 53.394 41.665 1
	-79.991 58.837 51.944 1
	5.500 55.714 48.123 1
	53.806 62.527 58.402 1
	-26.746 129.305 144.082 1
	89.227 115.061 159.970 1
	47.934 78.742 167.974 1
	48.913 102.708 12.605 1
	-47.120 108.524 70.863 1
	-50.369 67.391 25.067 1
	-22.380 127.919 145.193 1
	29.639 39.133 44.593 1
	-72.090 122.063 132.817 1
	25.136 114.763 118.505 1
	-9.150 55.141 40.010 1
	-49.704 49.796 44.370 1
	-8.205 57.112 38.698 1
	74.972 58.711 41.539 1
	-56.402 117.537 146.374 1
	-56.310 107.928 162.141 1
	22.930 128.950 125.948 1
	0.894 49.509 134.788 1
	16.547 126.692 126.217 1
	-58.992 85.772 9.706 1
	58.671 125.827 135.046 1
	23.445 35.220 43.562 1
	-48.329 110.369 68.474 1
	-4.629 121.118 138.564 1
	55.004 129.110 136.496 1
	43.493 105.247 107.017 1
	88.098 63.008 41.115 1
	53.709 61.811 58.379 1
	87.588 117.027 138.799 1
	-85.502 62.475 49.601 1
	-33.306 133.350 50.420 1
	54.614 70.611 70.359 1
	38.950 51.240 50.615 1
	-43.665 71.591 20.563 1
	-87.451 117.210 132.399 1
	-2.447 27.605 46.037 1
	27.960 129.620 126.377 1
	50.013 68.870 152.688 1
	1.564 58.276 46.347 1
	-77.017 62.916 21.595 1
	-0.447 124.395 135.550 1
	77.292 62.664 50.088 1
	-45.212 99.190 80.799 1
	49.360 72.227 163.350 1
	-11.769 123.381 143.480 1
	3.501 123.008 132.898 1
	-0.080 52.569 44.880 1
	-11.035 68.302 26.677 1
	88.029 116.969 138.810 1
	6.371 24.889 41.465 1
	86.253 62.527 40.359 1
	-6.400 28.086 45.029 1
	31.060 128.560 36.795 1
	-1.954 30.848 44.903 1
	-88.545 116.775 132.227 1
	-46.432 106.645 160.657 1
	-26.711 131.654 142.770 1
	22.007 65.472 59.605 1
	50.088 51.022 46.318 1
	46.593 72.880 71.156 1
	50.649 50.409 45.046 1
	3.547 38.440 46.559 1
	20.518 126.423 124.114 1
	16.604 62.825 29.158 1
	54.099 118.482 123.186 1
	-86.780 117.330 136.903 1
	44.169 88.258 177.737 1
	-23.021 66.853 29.015 1
	54.242 52.254 135.023 1
	36.824 89.880 178.471 1
	-67.758 124.401 130.680 1
	-8.359 27.319 42.955 1
	-30.138 130.342 142.873 1
	-43.631 79.549 101.213 1
	-19.051 128.280 143.119 1
	-58.465 69.036 21.967 1
	-35.523 46.576 40.199 1
	-43.064 133.734 135.648 1
	47.790 48.598 45.390 1
	77.114 179.450 127.884 1
	53.377 120.075 124.481 1
	48.764 107.791 109.830 1
	27.210 128.537 125.907 1
	6.154 31.278 44.507 1
	23.314 128.492 125.117 1
	-2.057 27.857 45.688 1
	-87.577 117.078 134.851 1
	-4.738 24.477 44.301 1
	-0.991 125.443 135.791 1
	-5.592 32.435 33.358 1
	-69.723 56.803 47.756 1
	-27.937 134.863 139.446 1
	-46.685 77.458 12.880 1
	89.777 67.414 4.011 1
	44.101 88.436 177.766 1
	-43.298 45.143 46.524 1
	-67.466 124.595 131.098 1
	-85.663 118.763 128.274 1
	-12.399 125.174 142.294 1
	79.080 96.349 170.850 1
	1.203 54.013 45.602 1
	-44.737 107.750 71.127 1
	14.083 53.486 51.990 1
	47.911 108.392 110.031 1
	34.939 133.075 129.970 1
	-43.453 49.246 40.966 1
	-13.671 56.780 34.956 1
	29.822 145.692 139.888 1
	-67.712 55.583 49.320 1
	-33.621 49.761 38.875 1
	-15.808 52.111 37.798 1
	-13.350 152.241 48.083 1
	52.168 83.205 172.592 1
	3.827 143.394 45.854 1
	1.925 55.348 46.129 1
	24.758 110.592 117.783 1
	2.704 58.562 47.240 1
	1.541 138.329 137.412 1
	-12.405 54.866 125.117 1
	47.046 101.482 12.055 1
	88.711 116.855 136.484 1
	71.574 65.254 62.785 1
	0.561 158.010 43.975 1
	71.700 113.938 112.907 1
	59.960 125.988 136.043 1
	2.853 139.813 136.249 1
	-7.924 54.614 40.697 1
	-22.185 129.208 143.543 1
	-45.126 93.673 86.316 1
	-49.080 96.589 83.182 1
	45.321 88.184 179.267 1
	-5.873 30.378 46.438 1
	19.595 129.087 127.082 1
	-61.977 110.352 70.353 1
	-63.868 123.862 135.058 1
	-77.779 88.671 7.678 1
	-60.418 126.200 133.436 1
	-17.154 7.632 104.485 1
	73.871 58.722 43.235 1
	-58.614 109.418 71.098 1
	-2.269 54.437 43.768 1
	7.924 29.759 45.241 1
	30.510 132.055 128.039 1
	32.200 36.096 40.657 1
	0.155 57.428 45.109 1
	-27.112 53.153 34.933 1
	44.525 91.496 2.149 1
	19.251 120.871 122.659 1
	-34.996 132.393 50.649 1
	1.203 112.380 135.018 1
	89.777 91.622 177.302 1
	49.286 110.443 110.684 1
	31.650 133.545 129.059 1
	18.220 43.877 49.618 1
	44.536 88.001 178.511 1
	49.005 108.553 110.117 1
	-15.183 54.190 36.526 1
	41.190 109.401 111.257 1
	15.057 56.637 55.331 1
	-2.842 159.322 70.755 1
	-1.020 54.546 44.198 1
	-89.576 117.181 134.645 1
	45.338 92.109 1.220 1
	-89.817 117.313 140.209 1
	-45.774 105.871 74.015 1
	59.175 66.784 64.635 1
	-16.398 51.933 37.695 1
	-48.071 70.543 21.331 1
	-48.329 69.609 111.543 1
	-45.470 71.551 18.948 1
	-20.609 125.678 146.207 1
	-26.837 43.814 40.537 1
	-30.258 130.537 142.603 1
	49.893 112.707 114.466 1
	29.060 128.509 36.337 1
	-9.500 141.887 137.619 1
	-0.178 16.066 44.777 1
	71.156 104.387 178.299 1
	33.088 128.027 127.065 1
	-7.093 154.349 133.889 1
	62.217 54.122 42.737 1
	-60.648 111.515 156.360 1
	-31.925 129.935 142.495 1
	88.379 118.528 121.519 1
	58.917 127.030 136.742 1
	22.173 138.524 130.216 1
	-25.439 51.285 35.460 1
	-33.358 35.065 51.194 1
	0.155 58.780 45.098 1
	50.730 93.020 178.287 1
	47.389 109.521 20.334 1
	-60.779 68.612 115.285 1
	-45.052 99.259 80.764 1
	-42.107 133.763 134.754 1
	-64.968 55.772 46.381 1
	25.669 112.162 27.829 1
	-55.938 117.009 147.262 1
	14.232 135.619 130.239 1
	-46.324 99.219 80.541 1
	47.682 107.865 20.031 1
	-20.145 51.532 36.165 1
	60.155 112.053 115.577 1
	-85.961 117.485 136.198 1
	-89.227 59.393 65.816 1
	0.647 58.688 45.499 1
	1.020 44.078 134.674 1
	47.733 69.620 158.830 1
	-87.989 63.163 46.432 1
	-22.105 53.491 34.269 1
	-43.562 74.421 105.728 1
	-26.058 48.816 36.824 1
	2.561 27.662 43.877 1
	-85.290 117.892 131.545 1
	-5.506 148.471 135.791 1
	20.248 126.572 124.366 1
	-45.756 113.583 155.312 1
	-25.903 49.057 36.532 1
	57.662 58.780 52.884 1
	-1.782 55.462 43.997 1
	-27.158 46.226 39.591 1
	0.922 15.819 46.547 1
	86.729 63.134 43.659 1
	88.321 116.866 137.533 1
	71.711 130.869 175.537 1
	18.518 51.887 53.096 1
	32.212 38.594 43.041 1
	-62.120 125.380 133.602 1
	61.501 54.122 132.840 1
	6.555 54.345 48.369 1
	89.616 81.595 3.002 1
	0.126 35.873 45.183 1
	-33.060 108.719 158.858 1
	-22.334 128.297 144.792 1
	-5.025 144.494 46.221 1
	1.988 53.743 45.957 1
	-34.389 125.993 144.941 1
	-46.799 78.896 101.499 1
	-73.585 65.644 114.666 1
	-1.513 125.827 135.757 1
	-47.991 104.794 162.651 1
	-89.118 116.717 135.006 1
	17.676 130.491 127.283 1
	50.386 101.545 12.920 1
	-77.556 61.014 136.473 1
	-81.274 118.299 132.577 1
	47.813 108.759 111.005 1
	29.702 133.064 128.365 1
	46.026 104.611 104.857 1
	-72.536 121.410 134.267 1
	-16.581 68.629 29.467 1
	-33.438 46.851 39.442 1
	68.589 116.528 123.828 1
	0.000 170.375 135.086 1
	57.617 55.119 35.059 1
	-90.000 63.318 44.026 1
	-48.862 73.992 105.940 1
	-88.952 116.826 135.315 1
	-66.251 55.474 46.341 1
	-54.505 120.774 54.041 1
	-47.481 107.332 72.909 1
	-41.379 130.755 138.432 1
	78.765 20.208 12.009 1
	-65.947 125.203 130.841 1
	72.038 49.664 13.671 1
	-79.973 119.805 128.726 1
	27.319 137.338 131.437 1
	-18.741 125.965 145.629 1
	58.740 63.570 57.771 1
	29.570 132.009 127.638 1
	3.684 23.829 42.210 1
	67.288 125.025 139.911 1
	-5.982 65.615 40.434 1
	-0.034 127.168 135.035 1
	27.456 111.784 114.712 1
	87.771 62.928 39.947 1
	6.371 22.981 43.510 1
	0.544 58.144 45.430 1
	89.284 116.769 134.995 1
	-23.463 128.686 144.769 1
	-80.816 63.444 125.501 1
	-0.017 171.183 44.914 1
	-54.500 120.207 144.700 1
	-46.324 80.776 99.465 1
	15.321 63.014 146.035 1
	-57.760 7.397 61.977 1
	-49.933 109.847 160.107 1
	36.073 132.966 40.285 1
	-38.829 69.236 112.197 1
	17.922 128.297 127.271 1
	-80.174 64.865 28.247 1
	-45.384 76.519 103.505 1
	20.667 87.250 167.298 1
	-27.164 51.830 35.770 1
	15.252 120.252 123.902 1
	-47.487 130.738 136.278 1
	-62.470 115.130 149.834 1
	-70.285 56.127 50.512 1
	28.820 129.334 125.340 1
	-51.784 53.600 42.496 1
	-36.778 108.999 157.695 1
	-52.712 114.305 152.218 1
	48.724 106.782 108.679 1
	47.762 131.494 134.714 1
	-48.358 63.541 28.940 1
	-22.002 128.755 144.288 1
	48.077 105.333 17.997 1
	-0.034 52.832 44.966 1
	58.333 68.789 66.601 1
	-85.772 62.498 46.249 1
	29.015 142.970 136.731 1
	-2.177 125.186 136.181 1
	45.848 71.757 160.944 1
	29.112 51.383 143.658 1
	51.515 79.412 77.206 1
	-57.210 126.618 134.668 1
	-30.544 69.620 114.838 1
	0.126 144.128 134.811 1
	88.728 109.876 180.000 1
	-0.596 125.822 135.310 1
	-68.165 133.866 178.247 1
	81.624 61.020 43.270 1
	-87.663 62.195 48.644 1
	-46.650 100.743 78.908 1
	46.473 105.934 16.960 1
	0.401 54.786 45.224 1
	-84.173 120.671 124.446 1
	-67.420 55.514 48.696 1
	28.442 146.007 139.240 1
	-65.157 55.044 47.911 1
	-46.994 76.232 102.634 1
	33.254 48.570 51.194 1
	-87.445 63.192 46.925 1
	28.023 132.256 127.707 1
	-54.081 108.117 71.780 1
	-57.874 125.707 135.550 1
	-18.856 22.053 139.939 1
	46.902 108.942 19.486 1
	-86.287 63.197 40.010 1
	-27.084 51.045 36.228 1
	45.063 106.140 108.518 1
	0.567 54.471 45.338 1
	68.377 80.025 74.805 1
	-84.150 118.132 132.158 1
	15.023 152.814 138.639 1
	-62.831 53.331 48.839 1
	-0.367 29.685 45.166 1
	0.447 25.995 135.774 1
	-6.262 31.324 44.656 1
	89.645 63.232 48.300 1
	23.291 114.889 119.496 1
	74.204 121.903 139.149 1
	-55.881 74.439 22.420 1
	1.272 56.551 45.923 1
	85.806 62.544 54.929 1
	-46.891 73.339 107.166 1
	-2.968 120.843 136.616 1
	0.584 55.359 135.447 1
	42.542 122.344 123.982 1
	-46.948 76.822 13.734 1
	-61.599 77.590 101.591 1
	-45.069 52.099 41.161 1
	-48.570 85.835 3.885 1
	45.424 128.457 131.660 1
	17.653 107.269 29.782 1
	0.710 48.558 45.963 1
	-48.444 109.687 70.285 1
	23.474 127.093 124.704 1
	63.547 119.622 134.210 1
	-32.246 133.167 141.056 1
	21.681 116.293 120.470 1
	37.878 133.407 41.001 1
	-10.256 151.473 135.487 1
	44.106 91.748 2.532 1
	16.581 38.589 137.344 1
	44.164 91.381 1.518 1
	87.823 82.202 2.011 1
	-23.004 129.815 143.423 1
	-46.885 57.806 35.082 1
	-64.143 123.587 135.338 1
	-25.285 40.078 42.806 1
	33.667 130.004 128.153 1
	38.864 112.770 113.841 1
	-85.743 117.502 133.723 1
	88.843 116.895 128.755 1
	28.740 132.525 127.844 1
	46.839 86.734 0.395 1
	47.888 51.240 46.965 1
	48.346 71.047 69.821 1
	88.413 63.289 42.347 1
	-49.463 125.231 140.833 1
	-2.974 135.682 49.011 1
	19.956 33.272 133.362 1
	48.037 108.106 109.080 1
	0.602 23.549 44.639 1
	68.978 122.332 45.218 1
	11.814 69.849 136.948 1
	-89.009 116.815 135.906 1
	-3.621 58.843 44.788 1
	-0.602 133.619 135.808 1
	-23.451 113.875 152.453 1
	49.738 106.650 18.197 1
	-0.900 138.816 133.482 1
	-18.512 55.210 33.661 1
	-48.243 76.221 105.682 1
	34.727 48.570 140.587 1
	78.959 63.782 59.467 1
	-46.856 73.023 17.361 1
	0.424 136.679 134.061 1
	16.977 51.028 52.701 1
	-55.227 120.688 143.429 1
	-47.126 71.471 109.143 1
	-0.808 46.690 45.298 1
	-21.755 130.474 142.260 1
	-69.866 94.951 93.656 1
	-78.260 120.138 130.084 1
	-4.154 61.690 42.834 1
	59.582 54.070 44.467 1
	-50.266 136.817 128.308 1
	-0.424 137.080 45.590 1
	-42.932 66.383 25.812 1
	-4.715 11.482 42.175 1
	47.573 71.780 69.603 1
	36.234 46.788 139.429 1
	63.134 53.142 40.714 1
	0.945 56.253 45.521 1
	29.725 110.008 115.422 1
	50.821 130.354 135.229 1
	-4.051 153.444 132.267 1
	85.720 62.315 39.093 1
	-48.392 71.431 20.357 1
	85.944 62.217 41.929 1
	53.193 112.305 114.042 1
	-1.427 11.986 132.892 1
	-40.726 64.154 27.427 1
	48.919 99.918 10.749 1
	60.814 108.329 106.948 1
	-0.579 23.600 134.112 1
	-64.131 55.090 54.706 1
	89.485 63.558 45.573 1
	56.230 68.348 64.653 1
	89.267 63.300 44.845 1
	-22.907 57.777 32.928 1
	-49.166 76.954 104.169 1
	-89.628 62.435 40.766 1
	89.347 116.522 133.625 1
	-54.064 51.291 46.100 1
	54.190 127.701 44.863 1
	-6.303 155.862 40.898 1
	-62.670 53.474 48.564 1
	-49.521 73.803 107.372 1
	58.866 53.709 44.215 1
	-87.594 120.212 148.493 1
	49.985 127.065 132.370 1
	-38.331 109.767 160.239 1
	-17.154 124.234 146.179 1
	3.764 36.240 43.980 1
	-52.391 66.257 27.026 1
	34.429 113.503 24.259 1
	-27.588 49.750 36.658 1
	22.053 61.816 58.614 1
	45.418 51.457 48.243 1
	-15.871 91.169 1.220 1
	-46.650 79.257 101.093 1
	1.673 29.141 43.997 1
	-23.359 126.853 145.463 1
	88.024 62.017 54.878 1
	-46.667 69.385 111.033 1
	-29.737 63.255 23.990 1
	81.646 118.986 136.736 1
	-65.753 111.555 66.956 1
	-27.135 50.907 36.199 1
	16.037 157.105 169.361 1
	-0.653 57.393 44.215 1
	-52.179 107.458 71.963 1
	-50.827 128.858 135.728 1
	-28.419 70.640 25.164 1
	-2.573 123.524 46.897 1
	-46.249 75.012 105.705 1
	-53.474 54.196 40.697 1
	90.000 118.511 124.624 1
	-34.292 133.110 140.569 1
	-49.882 155.340 126.263 1
	-25.227 127.901 144.695 1
	81.429 116.408 121.988 1
	-87.594 117.118 129.672 1
	17.710 50.924 53.835 1
	-19.045 125.793 145.749 1
	79.458 64.177 58.774 1
	-18.312 126.074 144.689 1
	86.528 116.797 130.394 1
	26.677 128.629 125.873 1
	-0.625 3.398 131.121 1
	52.305 64.355 60.928 1
	-59.536 97.277 80.237 1
	-80.082 61.742 139.504 1
	53.663 62.429 60.716 1
	-34.761 133.218 140.231 1
