This file is created by TexTools software, Resmat Corp.
ODF file name: file Created at Texture lab IITK

B 500 0
	-47.853 164.307 63.484 1
	87.135 83.016 87.611 1
	80.495 93.404 81.583 1
	-32.137 87.158 47.859 1
	42.508 160.027 136.209 1
	-36.933 79.968 64.160 1
	27.233 68.933 101.184 1
	-5.970 56.471 88.511 1
	-41.259 141.721 172.867 1
	78.999 95.976 164.336 1
	16.553 84.672 2.510 1
	2.372 57.250 91.295 1
	-10.777 52.191 88.001 1
	-13.253 86.671 143.085 1
	-1.112 123.226 178.104 1
	-12.903 101.075 161.878 1
	28.860 83.245 40.101 1
	52.466 140.667 177.428 1
	-5.684 80.930 85.033 1
	12.937 152.418 95.667 1
	88.287 92.023 169.515 1
	-89.576 157.604 139.212 1
	-62.223 6.469 137.304 1
	89.456 88.808 80.993 1
	38.256 5.311 30.241 1
	-76.186 36.560 76.834 1
	72.726 86.093 34.492 1
	-54.511 50.632 14.450 1
	-4.389 31.524 89.645 1
	-13.121 86.448 171.710 1
	89.668 90.058 128.062 1
	-11.568 50.884 1.203 1
	12.479 76.765 97.420 1
	67.981 69.901 15.968 1
	-64.716 32.624 22.752 1
	-15.900 151.536 88.568 1
	54.483 29.530 61.914 1
	-71.144 170.466 56.190 1
	-9.511 100.457 175.932 1
	-2.939 94.813 159.368 1
	-8.296 90.275 170.988 1
	-28.287 64.211 0.000 1
	82.305 89.542 55.084 1
	-16.805 54.677 88.178 1
	35.558 8.210 47.286 1
	-85.124 91.318 126.102 1
	70.829 94.641 146.356 1
	2.733 158.555 177.130 1
	-56.603 156.492 67.265 1
	35.162 153.312 105.023 1
	69.127 109.601 164.233 1
	-2.865 57.181 88.682 1
	8.640 125.965 86.809 1
	23.806 49.360 90.820 1
	37.832 7.918 111.137 1
	38.984 20.478 64.824 1
	-81.211 21.526 40.966 1
	-26.545 146.929 175.050 1
	-84.746 84.740 9.110 1
	27.811 113.022 81.257 1
	87.296 168.656 163.264 1
	-86.717 154.527 137.859 1
	-81.314 92.286 128.228 1
	68.400 103.356 162.989 1
	89.347 93.243 0.997 1
	-77.006 31.874 24.861 1
	-28.648 174.815 100.881 1
	-86.723 98.377 177.800 1
	-64.395 169.338 150.820 1
	84.924 91.324 53.847 1
	54.116 178.448 126.389 1
	28.442 131.230 179.771 1
	-89.811 84.357 1.049 1
	-0.006 23.153 89.851 1
	-78.553 93.547 127.563 1
	-80.048 93.461 106.553 1
	-88.493 160.669 139.469 1
	10.749 52.758 91.175 1
	-16.450 83.892 81.635 1
	71.144 24.219 46.782 1
	37.586 171.612 117.044 1
	-89.250 87.926 0.000 1
	-27.811 45.521 79.309 1
	2.372 122.750 88.705 1
	11.431 90.848 174.529 1
	72.766 3.782 19.165 1
	11.717 60.607 13.888 1
	-13.247 93.329 36.910 1
	89.851 92.693 99.208 1
	-7.282 34.286 91.100 1
	-13.510 115.737 177.938 1
	-87.370 88.453 10.731 1
	36.492 91.404 131.666 1
	-39.213 160.841 63.346 1
	15.223 74.462 4.607 1
	-59.152 93.753 27.393 1
	76.610 18.403 9.007 1
	-1.243 88.505 86.505 1
	-14.484 124.939 91.931 1
	85.783 89.909 117.176 1
	17.716 121.725 177.789 1
	-24.334 37.070 3.226 1
	60.768 172.409 146.110 1
	35.197 84.500 125.237 1
	-11.940 62.613 2.727 1
	38.961 159.523 115.165 1
	86.373 89.960 51.606 1
	15.831 23.434 82.363 1
	-1.352 78.982 89.754 1
	2.131 101.878 91.324 1
	11.230 71.041 17.200 1
	61.312 3.873 31.129 1
	-3.736 94.687 97.036 1
	-85.445 95.105 92.808 1
	-74.972 92.865 33.862 1
	30.745 109.412 77.126 1
	-83.749 86.769 106.811 1
	-83.491 89.880 155.478 1
	88.711 107.521 106.587 1
	89.301 92.051 99.133 1
	66.308 114.643 165.831 1
	-54.322 40.308 3.959 1
	4.343 124.802 84.901 1
	87.600 176.826 180.000 1
	-80.099 78.954 22.191 1
	2.137 78.123 88.677 1
	-2.166 58.109 0.000 1
	-89.295 89.015 15.922 1
	-81.910 78.071 142.437 1
	26.706 36.709 1.656 1
	3.277 56.706 1.759 1
	12.926 27.582 84.334 1
	-87.324 168.919 166.238 1
	-2.865 122.814 91.318 1
	-76.702 14.834 37.592 1
	-36.767 96.245 126.119 1
	-85.732 87.886 54.190 1
	27.009 4.710 68.749 1
	34.440 34.423 1.576 1
	-7.758 70.881 1.283 1
	30.670 67.529 14.037 1
	-8.497 143.709 87.852 1
	15.584 59.450 9.333 1
	70.663 103.132 161.396 1
	-1.960 73.270 88.849 1
	-50.185 84.528 61.278 1
	-6.778 103.419 90.476 1
	87.130 96.985 92.389 1
	83.675 158.652 178.173 1
	15.647 50.913 0.544 1
	-40.044 168.696 149.943 1
	-10.290 94.853 167.670 1
	-34.131 111.927 107.063 1
	71.052 82.827 25.348 1
	81.406 87.846 104.616 1
	-63.976 159.357 141.074 1
	79.951 94.269 169.871 1
	16.226 174.735 109.183 1
	-72.376 92.447 34.544 1
	16.003 165.316 100.147 1
	72.657 97.649 155.375 1
	-33.163 27.754 100.491 1
	3.839 102.038 90.837 1
	29.828 118.963 174.093 1
	-81.182 89.043 146.992 1
	-12.903 78.919 18.128 1
	-76.925 85.187 59.020 1
	41.803 146.368 177.141 1
	34.039 0.476 84.620 1
	-5.976 123.530 91.490 1
	-74.760 80.380 74.605 1
	-28.258 115.795 180.000 1
	75.161 153.432 123.770 1
	-5.220 106.656 92.945 1
	-5.701 126.910 90.762 1
	38.394 114.328 165.854 1
	60.487 114.059 160.760 1
	54.895 19.452 51.194 1
	-81.228 81.429 85.577 1
	19.091 105.447 160.388 1
	5.013 122.109 178.379 1
	-26.557 33.071 4.933 1
	-4.120 11.459 16.134 1
	-16.811 125.323 91.822 1
	-18.776 21.532 6.515 1
	56.700 74.926 17.521 1
	1.805 94.458 172.048 1
	-89.886 88.608 10.674 1
	-53.022 169.538 88.127 1
	-68.256 102.691 177.296 1
	-21.704 72.960 90.653 1
	89.124 89.548 27.038 1
	-75.292 89.330 144.523 1
	-6.125 96.956 98.360 1
	-8.755 101.121 96.813 1
	-9.156 103.866 97.626 1
	-72.273 14.278 36.360 1
	-85.445 84.895 87.198 1
	-7.638 79.171 83.749 1
	-9.488 91.782 171.647 1
	-89.015 161.024 141.372 1
	-26.723 121.175 93.988 1
	87.605 105.928 177.646 1
	-80.054 86.540 73.447 1
	-24.339 109.177 95.609 1
	-28.728 68.033 81.641 1
	31.198 69.253 17.641 1
	31.707 68.933 24.929 1
	66.434 74.737 21.371 1
	-88.407 91.410 170.627 1
	84.231 92.069 81.675 1
	74.565 101.792 171.395 1
	-67.294 15.602 113.457 1
	-9.803 125.867 92.057 1
	-84.546 90.075 123.215 1
	-79.469 89.347 19.693 1
	52.575 64.515 30.670 1
	15.837 156.566 97.638 1
	17.103 168.341 82.621 1
	-87.714 95.220 92.894 1
	68.577 97.231 149.450 1
	-65.226 142.271 168.461 1
	-5.472 96.349 95.970 1
	-34.893 94.154 128.257 1
	67.987 54.643 90.905 1
	-2.974 74.393 87.737 1
	14.152 73.281 1.398 1
	80.208 89.422 128.990 1
	86.259 96.681 95.833 1
	74.674 91.301 146.133 1
	88.763 91.261 171.097 1
	29.055 63.163 85.199 1
	29.284 166.610 113.085 1
	2.527 21.434 0.000 1
	14.003 106.559 174.569 1
	-30.974 49.412 88.619 1
	-81.566 26.402 45.080 1
	-89.679 90.573 162.267 1
	11.574 12.210 81.566 1
	16.329 100.755 168.467 1
	80.220 85.222 125.621 1
	-80.483 4.910 78.501 1
	87.462 85.428 174.368 1
	-15.550 142.099 88.688 1
	85.205 47.739 21.583 1
	-21.589 48.707 0.000 1
	-76.100 86.402 62.023 1
	-78.174 24.901 27.468 1
	-5.552 75.212 75.373 1
	35.518 86.958 128.881 1
	-19.979 65.730 3.787 1
	-82.323 85.772 82.036 1
	-72.846 91.983 34.693 1
	81.509 84.632 9.568 1
	-83.915 90.247 22.718 1
	31.392 73.717 107.745 1
	-86.923 23.205 30.814 1
	81.996 88.700 124.011 1
	72.221 28.035 34.234 1
	-13.619 93.312 36.921 1
	-41.740 70.010 71.723 1
	31.186 109.080 164.823 1
	80.449 90.602 57.983 1
	44.267 133.058 89.187 1
	-1.324 124.492 89.857 1
	26.717 143.291 178.310 1
	2.653 75.968 6.984 1
	8.371 56.706 1.908 1
	-81.274 149.347 160.228 1
	86.820 93.467 180.000 1
	69.506 71.683 17.109 1
	58.763 174.317 147.273 1
	89.714 92.452 12.135 1
	-12.158 130.262 90.877 1
	8.325 57.261 97.317 1
	87.324 91.244 96.870 1
	-35.506 134.794 93.879 1
	73.952 88.671 34.297 1
	-26.734 162.445 92.240 1
	69.397 4.039 23.308 1
	-77.195 92.166 172.288 1
	73.940 85.949 21.761 1
	16.977 125.145 175.331 1
	65.770 102.611 159.225 1
	73.912 83.881 123.581 1
	-89.811 91.370 169.332 1
	-12.513 146.620 82.179 1
	-49.114 43.149 89.685 1
	11.883 16.530 81.864 1
	-89.301 90.986 164.084 1
	-79.733 88.659 74.937 1
	-89.691 89.422 17.733 1
	-23.165 116.288 98.572 1
	-18.925 36.578 2.492 1
	-11.092 145.342 177.703 1
	-67.752 159.615 138.409 1
	5.311 74.330 6.245 1
	-75.172 93.467 116.838 1
	-30.877 68.566 71.580 1
	-68.262 77.303 2.773 1
	-75.854 79.756 1.066 1
	-54.786 170.816 139.911 1
	3.764 55.027 91.192 1
	-7.683 55.835 0.000 1
	69.145 5.919 22.122 1
	70.497 176.265 158.091 1
	-21.532 63.707 81.750 1
	-80.942 13.046 113.503 1
	-16.089 7.649 31.839 1
	9.162 88.831 82.219 1
	-60.247 89.651 113.182 1
	3.060 84.041 5.099 1
	21.148 158.583 106.129 1
	-26.717 58.826 86.012 1
	59.450 76.696 25.176 1
	-74.817 153.627 147.898 1
	-77.693 92.819 119.805 1
	26.236 61.868 95.552 1
	7.918 119.657 180.000 1
	-74.828 26.373 32.091 1
	72.342 164.364 170.655 1
	79.836 89.043 120.464 1
	-86.843 88.894 97.575 1
	69.872 93.805 150.556 1
	22.890 105.092 102.410 1
	50.672 94.698 64.893 1
	4.526 160.824 176.482 1
	-10.508 52.855 0.000 1
	58.722 150.877 119.164 1
	50.134 95.489 61.289 1
	-60.837 172.873 26.150 1
	8.142 58.201 1.621 1
	4.744 71.603 15.304 1
	79.836 90.957 59.536 1
	-90.000 65.581 84.775 1
	69.958 10.233 25.250 1
	80.541 140.386 170.220 1
	-0.733 78.214 88.700 1
	9.798 142.477 92.836 1
	-5.162 33.014 92.051 1
	-89.284 83.841 3.621 1
	55.239 129.168 172.042 1
	65.609 50.942 8.984 1
	-87.588 90.734 173.377 1
	-86.110 84.786 79.664 1
	-87.302 18.862 35.323 1
	82.540 158.704 165.568 1
	-78.438 88.637 54.803 1
	13.545 84.637 4.595 1
	-88.436 88.568 9.374 1
	48.707 91.673 137.000 1
	76.530 94.057 73.310 1
	-81.750 83.600 150.287 1
	-32.968 95.564 125.008 1
	-85.113 119.909 101.053 1
	-15.900 28.465 91.433 1
	66.916 28.081 51.612 1
	-48.730 163.585 141.572 1
	76.066 94.916 154.257 1
	-21.583 131.293 180.000 1
	0.212 55.651 92.332 1
	-6.119 100.394 99.047 1
	-18.277 16.765 105.407 1
	15.659 129.087 179.410 1
	-31.232 108.203 130.852 1
	-9.391 36.394 92.057 1
	-87.777 92.183 175.451 1
	-33.163 152.246 79.509 1
	-0.751 65.185 2.005 1
	15.688 63.392 33.793 1
	-87.812 93.346 102.594 1
	66.125 94.269 150.069 1
	-33.289 46.925 88.224 1
	76.530 85.944 106.690 1
	-12.817 87.181 7.970 1
	84.196 85.955 7.655 1
	-89.742 93.215 179.301 1
	78.828 7.431 0.000 1
	-75.539 92.275 35.271 1
	84.053 90.791 51.509 1
	11.648 168.587 103.465 1
	28.413 66.177 98.136 1
	-90.000 19.079 32.825 1
	-13.121 93.553 8.291 1
	18.953 67.386 16.381 1
	-39.208 19.160 116.654 1
	-28.665 132.628 92.481 1
	78.363 86.242 16.014 1
	3.398 36.578 90.338 1
	-88.562 90.012 156.332 1
	-7.913 127.157 179.479 1
	54.173 45.310 2.710 1
	-81.509 15.911 35.632 1
	-0.298 98.967 178.602 1
	25.605 56.946 93.982 1
	-13.860 15.562 99.930 1
	89.920 90.252 15.928 1
	-30.968 130.589 91.375 1
	73.917 79.859 17.366 1
	-77.114 80.311 2.034 1
	0.241 73.631 89.353 1
	86.809 86.540 0.000 1
	88.860 92.854 90.986 1
	49.102 175.417 137.080 1
	-76.243 109.847 178.041 1
	-77.498 89.507 152.980 1
	-1.398 85.285 4.498 1
	-2.985 105.608 92.263 1
	83.125 80.512 5.139 1
	81.520 95.369 170.426 1
	80.655 96.658 84.357 1
	89.124 90.453 152.963 1
	88.849 83.807 85.823 1
	-5.374 49.607 89.290 1
	-76.839 101.792 158.331 1
	78.358 93.759 163.992 1
	-25.600 144.196 174.758 1
	12.576 142.013 92.206 1
	-82.345 88.167 28.528 1
	-54.511 129.368 165.550 1
	16.438 116.431 86.711 1
	-82.002 153.599 141.882 1
	-5.220 78.644 95.346 1
	-12.657 24.586 90.310 1
	15.017 105.779 166.261 1
	44.490 116.093 170.197 1
	21.308 19.779 86.477 1
	67.282 87.284 32.762 1
	-78.570 83.933 167.286 1
	81.778 174.122 168.685 1
	-14.685 6.154 94.601 1
	-80.753 99.861 100.480 1
	26.585 50.002 2.326 1
	7.173 146.712 92.172 1
	-71.929 65.449 16.553 1
	82.002 91.301 55.995 1
	0.023 79.435 86.064 1
	75.504 21.314 49.154 1
	-82.065 95.862 28.487 1
	44.272 46.942 90.814 1
	37.999 39.729 1.702 1
	-86.694 25.474 42.158 1
	1.375 121.496 177.777 1
	8.331 123.295 178.087 1
	-4.057 88.184 6.165 1
	-8.004 75.327 86.637 1
	-29.439 56.809 84.288 1
	31.186 70.921 15.178 1
	-18.942 37.317 92.498 1
	-8.342 102.095 97.059 1
	15.819 143.715 97.523 1
	67.219 132.634 175.382 1
	-50.764 97.781 120.149 1
	-84.127 89.192 51.520 1
	85.474 70.674 6.388 1
	66.125 85.732 29.937 1
	19.509 49.870 91.461 1
	-8.497 36.291 92.149 1
	-24.385 111.813 97.930 1
	-13.338 52.855 88.654 1
	58.774 88.946 110.873 1
	-34.979 81.062 58.092 1
	71.104 88.682 29.788 1
	-1.690 114.849 180.000 1
	-89.078 90.499 79.916 1
	74.565 78.209 8.606 1
	19.309 116.419 80.907 1
	89.920 89.215 72.267 1
	-82.666 98.715 165.591 1
	-81.893 88.688 55.903 1
	-4.876 126.034 178.259 1
	23.806 130.640 89.181 1
	-86.946 95.495 94.183 1
	48.524 96.051 151.060 1
	68.365 8.228 11.671 1
	3.512 65.220 0.831 1
	-46.347 24.815 105.894 1
	7.935 104.101 171.291 1
	-89.651 95.329 176.185 1
	-22.529 101.230 110.896 1
	-88.665 165.573 148.310 1
	-80.008 89.381 51.033 1
	77.384 9.752 8.526 1
	-59.072 26.075 106.037 1
	-3.925 100.199 143.973 1
	50.134 84.517 118.717 1
	-46.369 152.115 77.080 1
	-65.237 80.942 150.023 1
	-3.890 105.768 89.846 1
	81.320 172.294 180.000 1
	-82.237 90.143 122.533 1
	-86.734 81.624 2.200 1
	-5.947 96.245 172.672 1
	-80.953 166.954 66.497 1
	3.730 101.992 97.391 1
	6.595 123.518 88.499 1
	-11.900 166.994 80.546 1
	-73.757 88.659 145.508 1
	6.033 113.022 180.000 1
	-76.186 143.440 103.167 1
