This file is created by TexTools software, Resmat Corp.
ODF file name: file Created at Texture lab IITK

B 1000 0
	-88.780 103.872 67.512 1
	-58.333 113.148 153.919 1
	43.344 10.565 27.674 1
	-63.272 63.575 26.883 1
	24.093 33.254 17.876 1
	65.426 57.112 74.399 1
	-85.531 74.324 109.412 1
	-32.458 76.748 35.191 1
	34.297 125.398 130.503 1
	-30.653 124.045 142.569 1
	16.587 152.052 59.565 1
	22.546 31.759 33.232 1
	75.390 53.692 54.420 1
	-57.353 61.473 14.799 1
	-31.879 91.725 116.860 1
	-30.052 128.600 130.004 1
	4.498 15.848 83.216 1
	-41.161 109.784 52.815 1
	9.339 24.912 86.270 1
	-36.824 114.958 135.562 1
	-35.884 126.108 140.890 1
	47.109 94.893 11.511 1
	-11.505 124.647 162.336 1
	-81.423 126.859 143.715 1
	38.468 129.660 105.779 1
	-42.256 36.205 69.918 1
	5.369 65.993 36.051 1
	-34.292 59.851 44.502 1
	12.668 59.811 161.368 1
	70.434 121.788 113.039 1
	-43.545 107.407 164.794 1
	43.694 77.149 164.559 1
	-42.685 66.698 23.142 1
	46.782 98.245 11.683 1
	5.392 29.249 44.645 1
	37.408 46.421 32.292 1
	-89.192 107.252 63.449 1
	26.625 47.544 42.170 1
	-37.431 129.225 126.652 1
	84.935 48.157 51.389 1
	8.571 63.444 21.446 1
	-35.386 32.275 160.938 1
	-41.001 67.706 103.935 1
	-60.682 116.694 71.253 1
	-44.118 69.362 46.444 1
	-40.371 130.909 124.842 1
	-78.805 72.410 41.534 1
	49.578 110.999 95.438 1
	8.640 77.888 3.707 1
	-80.357 60.854 39.104 1
	87.777 63.604 48.146 1
	-0.435 16.541 133.396 1
	-62.561 81.194 30.676 1
	-33.982 105.877 139.773 1
	78.415 91.158 145.972 1
	-35.707 61.604 49.515 1
	30.584 111.056 112.758 1
	-35.712 88.889 89.255 1
	-87.158 71.729 132.239 1
	-35.460 118.436 135.992 1
	-72.938 56.247 66.308 1
	-32.252 122.395 130.881 1
	-17.005 139.750 156.257 1
	34.131 120.527 127.477 1
	-31.839 28.654 75.980 1
	-37.340 146.608 115.818 1
	-9.058 132.863 160.325 1
	90.000 127.919 135.739 1
	74.267 116.001 42.468 1
	-38.755 109.131 62.739 1
	75.321 129.666 135.665 1
	-46.117 76.192 117.565 1
	85.233 99.569 136.404 1
	-34.097 120.441 136.484 1
	-12.714 135.103 125.971 1
	43.728 101.694 20.094 1
	78.994 57.021 43.367 1
	-48.329 69.993 100.749 1
	84.563 88.413 113.669 1
	45.997 108.650 117.846 1
	0.808 121.496 99.030 1
	-20.174 42.324 50.913 1
	-18.575 44.840 20.237 1
	-34.440 62.057 46.576 1
	-40.548 123.896 145.445 1
	40.428 114.466 116.786 1
	89.009 53.623 49.526 1
	89.192 124.538 132.537 1
	-89.771 125.025 138.994 1
	-53.961 63.558 15.688 1
	-29.570 114.196 140.827 1
	49.607 69.076 84.488 1
	-7.981 155.455 154.108 1
	21.423 134.977 136.776 1
	42.829 94.206 102.067 1
	-23.732 164.932 23.062 1
	14.330 53.079 37.620 1
	-65.397 120.075 151.691 1
	0.453 32.830 143.280 1
	44.347 102.663 5.449 1
	81.566 131.236 130.514 1
	-79.767 132.130 142.936 1
	-39.660 61.776 27.044 1
	-42.244 73.826 18.105 1
	64.188 97.747 75.080 1
	31.003 146.064 148.849 1
	31.690 140.346 156.120 1
	-42.261 106.679 145.967 1
	-7.632 116.918 171.034 1
	-45.401 137.361 24.471 1
	-70.096 163.975 99.041 1
	-84.099 127.689 49.114 1
	85.394 130.250 124.085 1
	-89.433 130.193 51.767 1
	-27.479 64.269 43.820 1
	85.823 127.535 133.327 1
	-43.127 66.349 32.418 1
	-64.154 61.198 27.874 1
	-20.844 96.492 67.300 1
	-41.471 71.179 31.484 1
	-24.437 119.685 141.039 1
	87.061 59.742 46.157 1
	-18.088 125.781 127.569 1
	79.739 54.832 52.088 1
	20.013 130.336 118.264 1
	30.493 51.452 33.421 1
	89.072 40.119 21.177 1
	-30.384 9.362 64.017 1
	6.331 53.543 30.716 1
	22.638 140.335 56.327 1
	89.530 154.813 173.858 1
	42.313 31.157 23.910 1
	-16.278 50.071 39.591 1
	-16.816 40.583 45.837 1
	78.862 133.264 116.093 1
	-46.742 42.382 159.569 1
	32.441 42.886 27.995 1
	31.845 125.890 134.204 1
	-70.428 119.943 153.662 1
	-30.596 111.394 149.949 1
	-39.706 110.718 67.959 1
	46.324 74.828 163.190 1
	-11.419 124.676 149.972 1
	34.383 62.888 145.480 1
	46.392 46.438 45.195 1
	47.326 73.820 163.161 1
	89.221 80.598 102.617 1
	26.860 117.004 126.377 1
	71.379 55.439 67.431 1
	-48.329 115.795 72.445 1
	75.247 100.348 172.019 1
	-28.946 127.139 131.156 1
	37.953 124.504 137.206 1
	26.671 50.254 40.806 1
	64.446 111.102 106.307 1
	-24.832 134.937 126.165 1
	53.113 121.713 115.371 1
	-54.001 115.525 164.021 1
	-26.070 129.878 134.605 1
	65.953 63.787 68.881 1
	-34.280 54.225 36.503 1
	36.904 7.489 20.712 1
	-42.582 61.553 32.630 1
	-45.814 70.697 110.352 1
	81.028 110.203 139.911 1
	-30.109 109.979 151.112 1
	66.406 94.040 172.787 1
	45.779 71.671 62.217 1
	-40.686 152.269 180.000 1
	-24.935 42.491 55.388 1
	-39.780 106.799 132.548 1
	-33.890 74.284 40.497 1
	-76.066 64.870 37.500 1
	46.925 83.554 167.997 1
	34.074 18.180 66.033 1
	28.539 51.990 37.603 1
	-42.531 62.154 29.845 1
	42.743 66.137 64.670 1
	71.230 77.716 22.695 1
	-31.335 119.519 132.514 1
	0.189 36.520 51.200 1
	-38.251 114.145 145.898 1
	79.698 117.021 133.087 1
	-44.381 97.529 81.807 1
	78.564 94.527 172.999 1
	-57.175 112.735 162.256 1
	30.688 42.949 27.502 1
	-25.262 59.450 36.016 1
	-47.945 96.538 144.128 1
	28.762 126.710 47.704 1
	-26.654 164.026 47.292 1
	22.500 33.507 28.436 1
	34.246 66.429 158.176 1
	8.486 20.569 125.638 1
	-30.080 125.340 147.835 1
	43.717 98.864 3.363 1
	16.163 108.948 85.806 1
	-62.922 124.120 155.260 1
	89.152 94.412 126.790 1
	-35.334 118.883 135.676 1
	-17.223 86.454 110.455 1
	65.650 118.705 27.353 1
	-20.054 122.699 139.080 1
	20.890 159.265 65.099 1
	-8.279 138.094 143.933 1
	-54.821 63.031 109.211 1
	45.493 126.624 104.599 1
	-67.552 125.455 73.556 1
	-88.929 73.161 44.003 1
	29.313 53.388 130.589 1
	73.155 77.962 7.059 1
	-82.420 126.022 140.398 1
	-14.771 127.953 58.774 1
	-12.244 155.684 35.300 1
	-87.577 30.711 86.305 1
	75.556 131.396 111.314 1
	71.465 134.015 113.938 1
	-45.413 43.470 69.654 1
	87.410 96.572 101.442 1
	31.885 51.389 128.600 1
	-86.637 122.029 137.046 1
	-46.398 67.981 16.415 1
	88.677 77.223 176.643 1
	82.764 58.562 50.180 1
	14.542 90.241 105.716 1
	-22.609 139.234 32.464 1
	53.692 59.015 2.000 1
	-26.190 131.276 129.127 1
	30.613 61.977 38.818 1
	-33.976 52.374 50.260 1
	-9.511 136.267 148.883 1
	-79.532 55.491 37.013 1
	87.869 131.293 134.490 1
	36.222 123.427 51.389 1
	52.454 16.541 15.888 1
	-3.564 150.103 43.115 1
	18.054 143.291 110.592 1
	-42.147 34.091 71.694 1
	-60.115 114.460 151.089 1
	-9.316 10.073 41.471 1
	26.694 49.017 37.042 1
	-75.900 127.157 145.142 1
	-28.184 124.796 145.079 1
	-49.779 96.394 83.990 1
	-80.082 98.956 106.794 1
	18.014 142.306 145.147 1
	38.692 124.028 131.076 1
	17.991 36.171 36.686 1
	-87.439 110.329 57.594 1
	-30.923 67.517 31.897 1
	-14.605 94.676 102.846 1
	-33.243 57.049 46.530 1
	13.476 100.199 146.482 1
	35.008 119.525 127.168 1
	47.057 38.508 30.178 1
	14.719 146.099 147.181 1
	-13.310 124.968 146.740 1
	32.103 55.222 39.689 1
	70.772 128.337 126.125 1
	-23.445 40.818 58.098 1
	15.848 90.533 151.977 1
	33.157 123.730 140.919 1
	24.173 138.931 114.001 1
	-38.955 48.151 53.216 1
	36.452 49.074 32.034 1
	60.607 56.591 73.619 1
	10.021 62.132 163.923 1
	-89.124 129.408 134.307 1
	-11.643 72.605 13.493 1
	-37.494 139.240 124.664 1
	27.491 26.471 31.049 1
	-88.511 58.035 42.508 1
	83.956 123.209 127.752 1
	-51.526 72.319 115.949 1
	16.656 48.558 72.193 1
	85.474 124.727 128.864 1
	28.115 119.485 112.220 1
	62.040 62.578 160.531 1
	-66.858 56.803 114.712 1
	63.696 60.831 72.640 1
	-38.692 117.978 169.447 1
	-40.021 97.288 63.203 1
	-58.625 161.780 109.286 1
	39.695 115.142 119.702 1
	6.429 126.051 154.699 1
	-84.443 50.111 41.402 1
	2.017 28.304 43.602 1
	-46.553 77.407 102.485 1
	-1.507 139.206 120.270 1
	-41.528 75.384 32.194 1
	-82.741 65.913 37.385 1
	-42.061 103.367 162.812 1
	88.637 55.697 47.252 1
	-34.366 119.221 141.056 1
	-89.679 81.051 177.657 1
	47.888 84.282 169.057 1
	-32.464 40.989 74.124 1
	89.782 127.581 135.212 1
	37.368 122.579 145.010 1
	84.168 132.686 130.422 1
	-10.537 148.075 170.048 1
	33.976 58.682 39.683 1
	30.246 34.400 29.943 1
	-47.005 71.711 20.947 1
	4.647 29.106 49.744 1
	-59.358 63.816 21.440 1
	-36.744 120.247 125.753 1
	-87.451 134.084 138.639 1
	-89.318 84.574 117.903 1
	41.356 68.491 54.620 1
	18.976 106.719 81.618 1
	-70.382 127.443 150.149 1
	-90.000 53.898 132.943 1
	-28.126 53.211 45.951 1
	-37.706 127.804 145.594 1
	64.544 121.891 25.852 1
	51.354 122.046 177.640 1
	-88.963 133.511 134.972 1
	28.952 89.055 88.992 1
	29.433 15.848 16.914 1
	-25.926 59.462 40.909 1
	22.741 47.911 43.659 1
	76.977 85.674 136.112 1
	33.518 121.146 125.684 1
	73.826 7.993 24.672 1
	14.433 144.689 53.228 1
	36.142 66.933 147.978 1
	-22.981 14.186 64.956 1
	16.209 146.408 159.643 1
	-23.182 138.037 34.062 1
	-19.269 46.960 31.662 1
	44.444 96.881 14.227 1
	84.884 74.708 63.638 1
	-32.332 34.905 54.907 1
	79.188 132.050 118.969 1
	85.182 49.830 48.971 1
	-2.573 100.949 4.664 1
	65.661 119.542 20.827 1
	72.680 93.673 1.931 1
	40.703 75.837 151.857 1
	24.735 47.235 42.662 1
	31.238 114.752 121.278 1
	31.587 126.246 135.000 1
	26.133 52.890 46.157 1
	28.075 134.061 114.781 1
	-34.435 59.003 34.343 1
	75.229 98.285 4.990 1
	-31.495 31.232 61.381 1
	15.327 103.281 176.058 1
	-54.832 116.969 70.795 1
	0.074 143.984 94.343 1
	-33.724 58.980 44.708 1
	26.241 31.725 17.269 1
	-38.537 75.653 34.630 1
	-74.324 122.338 143.532 1
	-39.362 107.968 153.112 1
	-80.942 95.352 91.977 1
	21.520 169.257 147.697 1
	23.193 101.414 163.895 1
	-41.350 38.606 68.858 1
	-49.555 5.369 157.013 1
	-42.021 70.107 118.505 1
	81.297 124.865 166.330 1
	-35.787 54.838 54.122 1
	-22.534 34.756 74.095 1
	-86.179 53.904 42.794 1
	-7.586 78.833 79.017 1
	83.766 130.886 130.405 1
	84.947 74.290 2.315 1
	19.039 6.486 26.379 1
	-49.956 72.342 34.807 1
	-23.663 136.484 35.942 1
	25.078 124.429 136.501 1
	-29.015 126.979 131.161 1
	-13.356 134.914 132.880 1
	-43.797 69.786 120.218 1
	-37.156 67.981 35.695 1
	-60.986 61.822 107.447 1
	-89.467 70.313 138.323 1
	35.535 118.499 125.472 1
	-31.925 112.896 133.665 1
	-45.304 33.209 73.224 1
	-43.287 75.854 123.524 1
	-35.575 106.874 150.573 1
	-20.810 41.373 79.160 1
	-86.883 46.667 42.267 1
	-9.345 48.071 31.862 1
	-66.515 117.256 155.180 1
	86.763 93.100 176.769 1
	-21.434 40.302 146.247 1
	12.731 82.598 8.010 1
	-35.225 60.648 49.733 1
	-12.456 4.956 28.407 1
	-26.803 33.071 54.907 1
	68.348 60.040 0.917 1
	26.173 50.071 41.161 1
	5.128 103.195 4.750 1
	-40.651 49.624 57.422 1
	-23.795 158.383 164.405 1
	-21.411 139.785 124.641 1
	4.859 111.532 89.771 1
	32.137 124.424 143.234 1
	2.269 30.665 44.771 1
	-30.579 122.069 50.793 1
	20.970 87.021 17.618 1
	-34.217 60.046 47.767 1
	60.653 162.966 142.065 1
	-89.147 123.702 134.846 1
	-56.740 39.133 53.182 1
	29.931 116.196 129.958 1
	16.163 24.901 75.522 1
	76.450 120.430 125.598 1
	-69.666 112.197 144.546 1
	47.630 100.789 107.189 1
	-84.632 115.858 137.733 1
	49.378 71.001 163.579 1
	-14.868 88.218 74.387 1
	31.140 50.140 39.127 1
	-17.372 32.773 74.794 1
	-34.320 120.098 135.516 1
	-38.835 98.457 67.105 1
	67.391 59.817 67.105 1
	-70.342 123.089 148.562 1
	57.983 115.445 106.203 1
	-37.592 126.435 144.546 1
	50.638 177.984 163.763 1
	86.677 49.337 48.747 1
	34.085 56.608 129.861 1
	13.665 63.810 124.063 1
	-35.266 57.995 49.756 1
	-13.270 36.199 63.696 1
	-41.711 104.244 147.789 1
	-11.877 92.527 103.986 1
	-33.209 35.707 66.182 1
	-86.156 119.101 45.567 1
	-53.835 89.599 90.808 1
	-81.452 85.926 1.157 1
	57.382 120.338 111.211 1
	-88.837 64.223 39.236 1
	-42.118 105.705 161.494 1
	-5.443 136.249 148.534 1
	-56.792 66.893 16.845 1
	-0.710 123.255 172.254 1
	-75.504 49.011 18.111 1
	50.466 122.831 110.037 1
	-26.580 32.836 154.418 1
	-88.740 130.806 137.785 1
	-79.985 49.584 37.454 1
	3.358 159.666 148.161 1
	-28.654 52.838 48.736 1
	10.955 78.117 29.570 1
	87.027 123.598 133.923 1
	-27.290 118.774 131.740 1
	25.073 135.980 142.821 1
	-38.428 52.259 39.620 1
	-42.175 68.279 117.147 1
	-25.560 122.556 136.530 1
	58.029 64.784 73.665 1
	-3.151 144.781 177.004 1
	29.313 123.684 134.977 1
	29.204 98.875 106.295 1
	-36.154 109.601 146.660 1
	84.924 168.994 175.463 1
	14.851 146.190 51.847 1
	-40.405 120.797 139.355 1
	-22.437 29.639 56.442 1
	-75.447 99.798 60.602 1
	-23.291 41.717 57.577 1
	24.855 129.815 131.700 1
	15.859 42.852 43.041 1
	-85.812 103.740 97.838 1
	-46.312 75.424 103.906 1
	7.070 44.782 111.389 1
	-37.471 40.881 55.371 1
	85.359 15.235 59.886 1
	28.390 149.846 150.550 1
	-20.793 49.572 48.959 1
	11.677 26.127 121.375 1
	57.542 73.952 63.128 1
	-45.086 80.306 111.681 1
	-75.682 87.072 1.415 1
	-31.971 26.717 68.245 1
	45.636 104.834 27.233 1
	38.715 25.686 22.867 1
	-27.342 95.724 153.455 1
	-25.548 70.176 37.368 1
	35.632 115.027 136.960 1
	85.285 130.526 131.030 1
	26.746 119.364 128.984 1
	43.986 86.064 165.762 1
	-15.470 30.372 70.737 1
	-45.774 155.604 105.734 1
	13.888 26.992 49.492 1
	88.425 130.090 136.289 1
	-86.860 57.829 37.792 1
	-48.770 107.745 167.539 1
	5.254 31.581 88.774 1
	-29.788 53.875 41.052 1
	-35.168 163.832 62.298 1
	34.962 61.158 55.835 1
	-88.258 71.442 44.851 1
	27.691 53.606 42.210 1
	68.652 62.556 61.645 1
	37.878 85.829 172.185 1
	75.321 119.233 149.691 1
	47.252 83.560 168.054 1
	48.403 98.045 6.113 1
	-43.900 99.758 84.299 1
	-74.083 46.054 39.626 1
	-22.827 64.733 128.870 1
	25.554 47.922 40.371 1
	-79.756 124.160 141.899 1
	39.798 119.445 131.603 1
	25.147 45.739 35.460 1
	-44.937 57.582 36.704 1
	-28.436 51.761 42.279 1
	73.545 68.297 58.556 1
	-61.862 115.434 158.726 1
	-52.873 90.751 149.164 1
	33.747 124.928 141.280 1
	-26.832 123.054 129.087 1
	28.929 129.471 143.423 1
	-86.797 62.269 32.023 1
	39.408 114.466 117.817 1
	9.185 35.586 38.279 1
	-55.216 116.396 67.271 1
	-24.299 142.197 114.196 1
	30.837 113.360 125.151 1
	37.901 123.501 96.532 1
	88.975 52.088 44.381 1
	70.182 40.256 31.043 1
	84.397 123.593 131.110 1
	-74.977 69.379 24.517 1
	-36.251 68.016 34.074 1
	69.775 59.679 59.267 1
	36.136 62.120 55.056 1
	-27.576 50.271 9.924 1
	-84.655 129.586 138.977 1
	53.382 29.719 57.703 1
	28.699 111.331 127.242 1
	23.995 54.947 172.076 1
	29.582 63.083 46.186 1
	-28.625 14.880 29.673 1
	-24.740 142.615 118.006 1
	77.848 63.151 52.466 1
	-43.178 95.558 86.087 1
	31.587 89.777 179.490 1
	43.671 81.062 176.528 1
	23.812 143.406 155.781 1
	28.797 33.965 24.156 1
	1.553 119.932 31.198 1
	29.404 126.589 49.240 1
	21.721 18.507 39.150 1
	84.844 50.564 48.644 1
	17.000 34.761 28.803 1
	43.138 94.561 18.650 1
	-15.126 38.170 46.559 1
	-53.010 78.455 99.781 1
	-58.109 126.079 166.943 1
	-31.536 128.136 135.831 1
	17.779 34.847 37.901 1
	40.394 66.177 60.012 1
	36.343 43.041 21.400 1
	88.717 51.572 44.462 1
	34.240 44.318 19.206 1
	38.801 127.426 145.617 1
	12.513 51.200 47.263 1
	60.481 115.938 116.454 1
	-85.800 118.012 139.813 1
	46.203 79.515 169.510 1
	-38.113 54.041 45.642 1
	45.023 83.514 159.506 1
	8.039 109.658 168.639 1
	-72.451 127.615 148.556 1
	33.128 4.509 53.520 1
	47.533 75.516 153.673 1
	-27.685 58.201 40.932 1
	-28.224 128.234 137.825 1
	-81.165 93.363 16.805 1
	-38.812 68.738 38.451 1
	-37.437 126.354 143.068 1
	13.430 36.572 40.795 1
	-77.974 168.570 78.180 1
	42.009 111.286 113.669 1
	76.765 67.878 130.199 1
	-38.428 70.353 116.517 1
	33.759 46.243 33.002 1
	29.307 124.561 135.596 1
	33.827 40.073 22.718 1
	-64.675 123.346 165.230 1
	40.886 15.269 26.625 1
	-13.104 143.062 132.262 1
	-14.473 4.079 180.000 1
	-71.121 57.903 28.247 1
	-17.217 131.116 129.660 1
	-51.709 72.370 28.929 1
	77.481 60.436 19.068 1
	44.484 79.779 174.082 1
	-13.734 51.732 32.659 1
	-73.419 123.518 146.866 1
	-26.522 120.871 144.557 1
	44.381 79.103 174.523 1
	69.872 108.123 146.517 1
	29.828 55.199 42.680 1
	-69.122 79.246 97.701 1
	29.141 49.131 33.845 1
	35.707 127.008 107.389 1
	35.741 104.691 126.377 1
	-11.356 51.646 31.467 1
	-14.880 32.143 51.412 1
	24.402 131.769 142.655 1
	-72.382 52.838 31.226 1
	-67.895 39.477 54.964 1
	-26.196 48.730 50.856 1
	10.004 154.481 57.937 1
	48.335 79.504 161.024 1
	42.989 136.381 72.175 1
	30.957 52.460 33.266 1
	18.369 137.458 108.455 1
	31.581 116.242 48.008 1
	-39.912 135.653 114.506 1
	14.931 32.298 121.312 1
	25.067 109.790 15.659 1
	66.274 61.736 158.165 1
	69.866 64.561 57.703 1
	1.467 159.087 46.484 1
	88.831 98.852 122.750 1
	74.868 119.886 125.208 1
	77.212 164.021 179.445 1
	23.984 42.130 32.928 1
	-16.971 131.230 136.335 1
	-47.653 74.605 108.255 1
	-61.776 96.601 89.777 1
	47.200 73.980 163.711 1
	6.658 25.365 43.677 1
	47.189 85.789 172.649 1
	-30.132 77.957 108.879 1
	-63.684 115.262 152.773 1
	-79.544 89.083 1.020 1
	-38.652 115.904 146.534 1
	69.563 23.296 90.573 1
	73.654 55.606 56.872 1
	-73.510 117.502 101.849 1
	22.368 47.126 45.229 1
	9.368 35.197 41.436 1
	33.226 121.330 135.757 1
	28.190 20.277 37.277 1
	25.525 53.417 48.959 1
	-20.764 59.118 37.729 1
	45.229 107.968 10.439 1
	43.940 115.898 125.690 1
	-44.754 100.193 68.417 1
	12.691 106.232 142.283 1
	50.495 81.543 171.767 1
	5.076 128.377 92.871 1
	32.590 123.220 136.381 1
	14.754 30.682 30.287 1
	45.264 71.339 169.756 1
	56.391 127.936 110.569 1
	27.376 119.914 43.195 1
	35.816 114.643 137.430 1
	30.951 53.027 34.486 1
	-70.898 171.429 9.947 1
	-19.022 37.443 55.033 1
	-68.778 82.179 88.596 1
	47.578 106.759 18.421 1
	-87.491 105.980 121.129 1
	-48.570 77.006 112.947 1
	80.289 113.509 66.641 1
	-29.043 53.067 48.816 1
	-44.834 61.799 31.020 1
	-56.717 67.855 114.792 1
	-4.274 76.748 0.539 1
	-30.504 127.844 137.407 1
	-46.106 55.669 46.633 1
	45.877 69.150 154.836 1
	43.442 168.312 147.766 1
	38.560 115.726 29.461 1
	-87.365 168.994 3.300 1
	-15.212 26.711 53.635 1
	73.871 97.500 172.838 1
	34.515 119.960 134.657 1
	-21.389 141.125 121.679 1
	64.532 57.107 63.701 1
	-65.220 132.617 161.099 1
	-37.311 125.145 125.277 1
	81.767 125.031 135.865 1
	37.047 116.431 137.819 1
	-35.712 174.196 82.523 1
	43.986 93.902 14.376 1
	-29.461 47.928 40.863 1
	23.995 42.617 38.148 1
	67.598 79.292 178.201 1
	46.639 107.985 24.099 1
	-86.179 77.813 66.795 1
	-49.716 105.058 64.263 1
	-32.750 113.331 148.683 1
	-64.383 64.824 26.786 1
	-7.827 48.106 34.463 1
	-64.630 117.961 156.990 1
	16.501 134.066 129.574 1
	-44.874 81.159 98.108 1
	30.447 97.283 0.728 1
	43.619 94.349 12.164 1
	59.295 98.130 121.868 1
	-41.264 142.231 109.870 1
	-87.439 76.387 124.338 1
	41.740 40.101 29.181 1
	-21.526 34.355 146.488 1
	46.633 72.067 155.902 1
	-85.434 48.386 39.557 1
	-34.320 59.135 47.424 1
	-5.827 79.091 86.895 1
	-34.750 57.342 52.174 1
	33.730 41.740 22.116 1
	-81.561 126.990 141.314 1
	-24.906 144.580 109.658 1
	31.771 133.035 135.934 1
	-31.862 117.623 133.980 1
	-28.883 57.542 46.496 1
	6.274 30.458 39.580 1
	47.447 101.981 14.364 1
	-19.206 41.746 52.930 1
	21.818 28.906 34.372 1
	78.031 56.729 47.286 1
	5.672 147.256 46.610 1
	35.552 113.893 138.083 1
	31.358 54.706 35.128 1
	14.370 37.821 44.129 1
	-62.544 58.052 114.368 1
	87.846 62.710 49.395 1
	46.180 100.594 11.092 1
	55.949 81.669 1.616 1
	21.916 31.358 32.166 1
	-11.516 82.655 147.749 1
	-29.633 56.310 128.532 1
	-5.409 170.633 65.294 1
	26.219 35.724 26.087 1
	-51.217 122.367 139.332 1
	-49.738 110.105 64.796 1
	-89.765 104.026 134.616 1
	27.943 135.000 143.285 1
	-86.786 104.479 158.641 1
	-54.248 108.896 70.846 1
	36.790 121.135 130.932 1
	62.842 117.164 20.254 1
	-88.150 50.902 129.660 1
	-59.582 119.152 167.092 1
	75.974 133.024 116.975 1
	33.529 121.249 141.761 1
	-1.226 31.937 53.119 1
	-59.490 63.232 111.033 1
	-13.768 48.776 35.982 1
	46.347 105.063 16.633 1
	46.352 115.216 116.866 1
	-1.982 162.141 133.299 1
	48.054 110.191 22.615 1
	-54.305 71.121 109.360 1
	-6.543 76.828 85.405 1
	-88.167 120.063 137.172 1
	-38.772 71.116 33.289 1
	-56.751 116.098 65.226 1
	-32.676 83.274 99.855 1
	-46.135 101.110 78.839 1
	-10.474 31.243 110.140 1
	-66.497 118.104 155.117 1
	68.354 64.887 0.000 1
	-34.412 121.049 145.738 1
	32.756 121.249 131.522 1
	-28.568 126.446 139.985 1
	86.752 65.988 47.252 1
	-39.196 83.199 101.528 1
	-30.711 41.511 55.250 1
	71.121 121.547 113.921 1
	-37.414 50.839 38.554 1
	16.782 142.179 143.600 1
	17.504 123.776 119.313 1
	86.396 56.253 46.644 1
	22.821 24.437 40.096 1
	26.024 48.335 37.042 1
	85.686 162.462 113.119 1
	-35.833 118.385 130.405 1
	-67.500 62.223 125.569 1
	-4.996 157.145 39.483 1
	-44.731 119.061 150.018 1
	-44.989 99.019 82.099 1
	18.598 33.518 116.866 1
	-27.319 28.470 66.841 1
	-81.371 112.838 133.556 1
	37.512 107.126 28.625 1
	-28.413 122.699 129.362 1
	29.754 123.805 140.037 1
	-85.760 63.535 36.400 1
	-52.019 106.948 63.764 1
	5.197 106.885 150.980 1
	-34.469 60.000 45.550 1
	41.442 131.288 153.243 1
	-39.924 110.730 139.234 1
	-78.742 100.944 175.468 1
	-70.353 52.557 29.822 1
	-7.236 98.291 102.233 1
	-34.996 60.716 43.625 1
	-42.617 116.832 147.262 1
	-58.253 113.251 156.985 1
	75.940 98.073 119.611 1
	35.071 119.181 134.026 1
	-43.281 65.650 35.140 1
	-20.856 151.421 119.084 1
	70.932 96.738 24.236 1
	-7.781 36.371 43.453 1
	88.081 86.677 52.798 1
	-81.979 58.728 39.591 1
	20.168 118.843 128.234 1
	-15.848 139.704 135.327 1
	-3.764 80.902 167.372 1
	38.560 64.292 150.545 1
	56.024 66.068 69.494 1
	-47.934 81.721 91.576 1
	10.663 126.309 126.268 1
	25.789 145.119 154.000 1
	63.484 113.067 178.505 1
	33.426 136.691 148.385 1
	-89.055 107.304 141.200 1
	88.052 46.421 45.963 1
	-85.073 84.196 67.363 1
	-48.283 112.546 64.887 1
	20.649 109.670 9.849 1
	22.603 39.695 32.825 1
	-88.373 128.245 139.550 1
	-73.247 53.446 31.856 1
	28.230 135.333 140.186 1
	-67.947 60.659 23.400 1
	-52.552 113.532 66.314 1
	42.634 114.397 25.176 1
	-89.261 58.172 46.375 1
	24.351 123.971 128.125 1
	-24.007 109.418 82.002 1
	-64.028 119.192 152.476 1
	4.068 38.153 125.776 1
	47.722 105.212 28.115 1
	-88.138 110.741 56.121 1
	-30.584 68.589 30.109 1
	64.337 93.249 98.274 1
	40.583 111.005 29.387 1
	69.345 104.840 75.459 1
	-32.258 123.828 127.414 1
	62.779 157.220 149.668 1
	-83.927 52.941 130.789 1
	1.226 35.351 45.069 1
	-2.154 30.447 135.378 1
	-34.355 49.549 60.716 1
	63.495 124.567 12.720 1
	29.622 114.626 129.769 1
	79.653 121.920 114.603 1
	-86.517 67.787 37.815 1
	20.598 36.348 37.580 1
	76.897 53.721 47.464 1
	-49.332 65.014 105.218 1
	-30.189 138.386 132.909 1
	12.536 37.466 130.165 1
	34.928 109.091 125.289 1
	-52.466 67.282 22.271 1
	-87.261 103.849 73.356 1
	-78.793 57.611 37.758 1
	-61.696 72.107 33.186 1
	-24.024 138.994 33.787 1
	-10.577 50.930 32.596 1
	38.537 108.736 35.317 1
	-34.601 55.646 47.309 1
	38.560 71.293 144.827 1
	73.814 161.007 180.000 1
	-30.945 112.489 148.064 1
	33.363 124.567 119.697 1
	43.734 102.817 15.361 1
	-16.931 173.698 36.119 1
	45.183 100.806 6.652 1
	1.788 33.071 135.728 1
	46.518 102.193 12.364 1
	87.703 100.193 31.358 1
	-41.093 140.930 110.885 1
	-61.083 53.692 17.750 1
	-66.561 124.498 152.630 1
	-18.100 47.286 34.515 1
	30.768 123.719 127.311 1
	21.268 126.658 112.088 1
	-82.030 121.513 140.741 1
	89.863 97.265 136.788 1
	27.445 126.148 133.614 1
	51.870 126.119 5.472 1
	83.726 47.212 49.853 1
	54.780 64.710 66.887 1
	47.567 97.896 4.034 1
	-32.739 113.789 147.113 1
	17.733 163.293 61.547 1
	-10.451 36.326 145.004 1
	51.772 118.155 110.443 1
	-1.364 32.865 52.471 1
	72.852 124.045 29.971 1
	10.972 96.698 167.607 1
	-86.133 126.091 137.229 1
	-36.148 58.625 45.172 1
	-29.868 145.050 119.943 1
	-40.915 119.846 156.217 1
	48.833 112.030 12.227 1
	6.933 138.547 111.509 1
	-29.519 50.197 44.393 1
	-46.461 108.856 84.402 1
	42.496 84.368 161.981 1
	62.653 62.853 52.420 1
	-47.871 74.599 27.863 1
	28.230 122.114 144.322 1
	27.806 71.224 58.149 1
	-46.742 117.783 154.945 1
	-45.120 77.601 96.658 1
	-1.243 45.367 50.077 1
	-24.018 145.950 118.150 1
	-77.716 84.385 91.014 1
	-58.488 120.109 70.525 1
	-28.430 39.345 65.672 1
	23.274 47.154 42.032 1
	-72.875 129.150 150.201 1
	-22.775 145.755 27.662 1
	-34.314 56.213 25.588 1
	-23.755 17.194 154.452 1
	-5.970 29.754 55.823 1
	37.282 72.239 152.006 1
	11.757 48.799 63.409 1
	31.398 52.804 36.177 1
	34.257 130.061 117.955 1
	35.506 119.261 135.545 1
	0.527 140.203 120.132 1
	81.165 54.213 54.740 1
	-66.967 75.779 4.750 1
	70.439 58.218 66.962 1
	53.921 107.516 119.645 1
	24.551 20.340 113.079 1
	-40.886 70.783 31.702 1
	45.963 107.367 8.686 1
	54.093 109.441 120.040 1
	15.659 31.152 120.533 1
	-66.549 64.933 114.832 1
	46.232 94.475 10.124 1
	88.791 62.407 56.511 1
	46.908 105.178 15.762 1
	-30.470 51.767 37.678 1
	-45.808 80.678 96.291 1
	-80.392 61.375 44.490 1
	44.971 80.438 172.529 1
	-32.280 58.046 26.156 1
	43.172 99.190 14.020 1
	-38.818 152.905 13.023 1
	-32.183 57.365 35.581 1
	-72.445 95.632 95.346 1
	70.371 125.930 30.149 1
	-88.854 127.506 137.957 1
	-26.620 147.136 25.565 1
	-24.580 115.216 157.942 1
	-28.780 141.916 122.378 1
	26.688 17.126 42.966 1
	-56.757 59.886 18.025 1
	13.986 117.221 18.203 1
	-30.069 62.452 48.174 1
	8.852 80.294 75.619 1
	-24.133 41.035 146.511 1
	1.467 68.566 12.571 1
	-45.802 67.867 115.331 1
	-8.084 29.244 58.046 1
	-35.128 117.393 133.173 1
	71.517 62.332 53.090 1
	-43.757 70.417 108.994 1
	-25.961 68.274 37.036 1
	87.594 119.571 134.508 1
	-87.428 107.418 54.683 1
	-32.790 71.929 32.773 1
	-82.076 170.277 5.879 1
	-14.169 35.117 48.747 1
	-73.155 82.764 94.521 1
	-35.048 119.158 135.762 1
	-23.256 65.151 15.865 1
	-14.249 141.778 45.046 1
	-45.567 97.368 78.673 1
	-41.992 76.478 17.034 1
	79.784 145.875 99.815 1
	-37.901 108.564 141.469 1
	-38.073 128.337 158.549 1
	-30.562 109.475 144.895 1
	83.870 123.266 128.320 1
	-85.875 121.318 137.498 1
	16.232 86.012 105.883 1
	26.178 130.073 138.725 1
	80.329 49.807 51.870 1
	-30.212 127.724 126.085 1
	83.532 130.102 129.070 1
	34.584 120.653 136.977 1
	-26.574 35.535 149.032 1
	57.365 59.593 68.847 1
	-84.655 73.665 98.337 1
	-51.876 85.995 89.605 1
	76.771 54.230 63.558 1
	-28.952 126.079 142.942 1
