This file is created by TexTools software, Resmat Corp.
ODF file name: file Created at Texture lab IITK

B 1000 0
	-89.101 103.442 82.323 1
	-50.942 112.924 160.130 1
	-61.834 5.426 146.992 1
	-73.430 55.290 30.659 1
	3.908 34.733 51.062 1
	89.719 115.846 86.740 1
	-90.000 61.180 45.115 1
	-33.174 88.900 4.068 1
	32.624 121.083 135.906 1
	-33.810 118.046 136.347 1
	11.906 152.636 62.303 1
	22.414 35.237 28.562 1
	84.729 60.138 49.188 1
	-50.289 83.285 0.000 1
	-46.375 89.422 119.542 1
	-30.791 126.246 130.291 1
	6.984 26.883 51.217 1
	-43.740 108.140 58.952 1
	72.995 20.254 34.017 1
	-35.793 113.589 133.986 1
	-24.677 128.016 147.256 1
	44.863 100.669 6.623 1
	4.807 133.201 178.247 1
	-79.481 131.849 145.268 1
	29.582 121.375 114.614 1
	-89.210 25.164 87.279 1
	-8.944 74.083 55.474 1
	11.660 3.592 19.206 1
	7.552 73.516 178.843 1
	74.129 121.799 121.490 1
	-36.921 114.408 154.613 1
	42.972 77.911 167.842 1
	-41.270 66.538 24.024 1
	46.994 95.558 8.371 1
	-13.327 44.737 62.613 1
	34.120 60.928 47.722 1
	-77.813 96.904 90.951 1
	17.601 31.410 31.415 1
	-27.542 127.947 136.421 1
	80.529 57.634 52.254 1
	33.822 117.938 38.182 1
	23.147 27.920 27.531 1
	-35.615 62.172 113.904 1
	-49.910 100.256 86.053 1
	-35.082 63.192 41.757 1
	-30.653 128.933 127.260 1
	-78.169 47.280 33.106 1
	80.065 48.232 57.680 1
	22.958 64.223 8.274 1
	-88.866 45.012 88.493 1
	78.810 64.217 52.907 1
	-3.552 12.857 134.273 1
	-72.909 75.396 35.867 1
	-35.094 112.391 137.733 1
	75.671 74.742 144.769 1
	-31.100 57.101 42.479 1
	-7.489 81.492 113.870 1
	-25.308 114.683 52.374 1
	-89.198 75.075 132.376 1
	-34.652 116.683 134.215 1
	-80.449 85.749 117.737 1
	-34.481 116.150 49.509 1
	-24.832 145.394 145.806 1
	36.182 113.211 131.815 1
	-2.825 22.139 59.702 1
	-33.077 133.138 130.732 1
	-5.357 88.688 160.377 1
	47.464 85.812 175.039 1
	90.000 114.695 45.132 1
	-42.966 101.081 74.559 1
	70.886 124.681 159.254 1
	-44.141 75.069 107.378 1
	89.221 93.031 142.724 1
	-30.728 122.785 140.644 1
	-7.420 119.823 123.753 1
	41.534 94.658 13.350 1
	89.674 59.553 45.000 1
	-48.169 81.257 91.816 1
	89.295 79.309 96.469 1
	45.894 104.496 109.882 1
	-34.080 116.179 62.882 1
	8.783 35.380 44.416 1
	-19.704 47.745 31.123 1
	-31.799 59.055 37.643 1
	-29.496 125.323 136.759 1
	39.717 108.421 120.270 1
	70.279 49.905 65.289 1
	85.422 129.678 130.743 1
	-88.316 124.985 136.501 1
	-55.657 63.621 15.264 1
	-4.830 87.164 176.775 1
	80.025 132.313 122.315 1
	-12.702 167.728 148.642 1
	22.678 136.146 137.951 1
	35.770 93.902 99.013 1
	-17.280 168.748 119.467 1
	1.329 57.514 51.669 1
	-46.031 109.303 150.018 1
	4.784 28.774 133.963 1
	44.616 98.595 8.560 1
	50.873 149.731 95.650 1
	-89.479 135.000 90.774 1
	-32.000 59.370 27.548 1
	-41.293 84.391 8.881 1
	54.964 88.717 83.818 1
	20.879 166.444 151.725 1
	-1.134 143.721 152.275 1
	-37.082 109.899 144.231 1
	-40.525 115.147 173.858 1
	-37.282 153.312 14.301 1
	-30.166 158.555 96.761 1
	-83.480 128.302 58.384 1
	82.970 121.799 129.403 1
	-89.771 117.221 90.355 1
	-33.191 59.513 31.702 1
	89.570 124.521 134.737 1
	-38.881 70.984 39.815 1
	-66.916 52.907 23.703 1
	-45.287 110.627 64.114 1
	-35.558 65.861 31.083 1
	-32.166 121.244 141.624 1
	89.834 56.110 44.719 1
	15.023 134.330 117.021 1
	82.305 54.488 51.389 1
	24.631 132.027 132.835 1
	11.751 34.882 39.093 1
	48.495 17.280 45.373 1
	-89.141 26.064 88.688 1
	8.422 92.813 70.491 1
	24.058 134.582 47.326 1
	23.004 130.898 126.045 1
	-76.547 23.526 171.377 1
	8.686 40.164 33.856 1
	-24.374 41.797 52.689 1
	75.619 129.013 121.627 1
	-37.477 27.095 166.255 1
	5.655 36.079 41.207 1
	27.107 129.007 134.393 1
	-71.075 128.996 152.533 1
	-35.563 109.744 139.022 1
	-27.525 123.776 61.049 1
	43.826 76.673 161.666 1
	-25.932 122.607 150.270 1
	31.444 58.333 144.477 1
	9.253 35.185 44.553 1
	45.831 81.555 172.644 1
	87.926 72.554 52.936 1
	35.397 114.213 134.897 1
	71.637 65.730 57.084 1
	-45.258 106.072 76.163 1
	79.125 93.060 178.098 1
	-26.929 127.982 138.707 1
	10.772 135.224 110.833 1
	-35.839 68.360 131.425 1
	73.585 107.659 117.433 1
	-32.584 126.859 125.329 1
	65.466 72.365 148.058 1
	-55.646 116.224 164.731 1
	-55.061 114.213 152.029 1
	52.420 89.416 91.352 1
	-28.419 56.098 33.644 1
	53.348 27.187 30.201 1
	-28.963 56.900 32.550 1
	-38.279 83.807 94.555 1
	86.041 107.527 130.652 1
	-32.682 121.415 133.522 1
	64.922 95.529 180.000 1
	45.860 75.361 70.342 1
	-3.128 157.300 176.889 1
	-29.181 46.868 54.666 1
	-36.715 111.796 137.642 1
	-35.151 67.735 42.496 1
	-86.270 63.845 42.021 1
	47.309 92.183 179.221 1
	-1.713 12.714 88.373 1
	20.747 42.141 32.321 1
	-31.135 61.559 30.155 1
	34.188 61.381 41.889 1
	71.127 80.833 17.005 1
	-33.340 119.496 136.060 1
	-11.522 35.563 58.940 1
	-35.460 114.019 135.373 1
	81.773 113.784 129.678 1
	-45.476 86.093 86.964 1
	89.485 116.167 139.567 1
	-50.856 94.945 177.921 1
	15.229 36.853 31.570 1
	-34.211 62.137 46.547 1
	-67.666 111.331 156.475 1
	27.565 129.322 46.289 1
	-71.018 175.365 32.086 1
	19.154 34.074 30.716 1
	35.575 64.750 157.781 1
	11.316 17.830 125.306 1
	-28.539 124.418 144.872 1
	43.556 95.438 6.669 1
	38.915 118.253 107.189 1
	-59.209 121.610 159.529 1
	86.545 103.264 128.205 1
	-60.527 120.585 147.393 1
	-36.635 69.374 120.602 1
	70.422 121.135 28.522 1
	-21.503 129.849 151.175 1
	-48.249 145.182 32.252 1
	-12.032 144.666 139.366 1
	-78.151 59.020 125.804 1
	47.848 118.774 108.495 1
	-53.302 112.328 79.240 1
	-88.253 69.614 39.603 1
	28.430 51.051 131.792 1
	75.716 78.770 4.349 1
	-84.425 122.487 139.034 1
	-29.633 122.693 55.984 1
	88.281 156.246 176.528 1
	0.401 40.388 3.031 1
	77.653 128.904 123.432 1
	71.975 123.593 120.023 1
	-26.889 44.221 52.609 1
	85.737 92.080 89.846 1
	29.112 48.541 127.391 1
	-82.007 114.723 140.489 1
	-44.828 75.842 18.375 1
	73.940 118.201 168.031 1
	82.747 53.394 51.343 1
	28.459 122.057 117.336 1
	21.371 136.622 45.722 1
	70.955 80.191 0.000 1
	-25.944 132.886 130.864 1
	64.939 69.740 58.361 1
	-30.132 52.512 49.819 1
	-14.330 134.009 156.469 1
	-79.996 52.620 36.291 1
	31.576 135.172 119.508 1
	32.063 126.435 52.626 1
	-66.933 6.984 150.613 1
	14.450 154.945 57.238 1
	7.947 135.499 107.664 1
	-38.503 50.254 57.485 1
	-71.992 111.137 148.453 1
	-28.207 50.993 46.965 1
	18.449 45.544 55.015 1
	-30.848 122.682 143.291 1
	-29.708 122.899 152.413 1
	-49.893 72.960 101.517 1
	-80.907 76.902 84.821 1
	-10.766 157.220 130.434 1
	-17.429 130.829 144.001 1
	3.690 32.384 42.015 1
	-87.319 113.721 47.103 1
	-32.596 60.940 34.102 1
	18.730 137.865 127.179 1
	-25.520 49.985 42.519 1
	-13.201 85.984 164.336 1
	72.135 124.595 120.441 1
	24.454 49.521 48.518 1
	14.851 167.733 147.290 1
	-22.878 72.737 138.123 1
	29.748 52.758 40.061 1
	71.471 121.267 120.659 1
	-14.524 34.664 55.646 1
	-7.030 126.893 130.405 1
	32.177 123.736 139.435 1
	19.601 133.843 124.693 1
	-58.637 28.814 62.063 1
	1.432 33.306 44.926 1
	49.853 96.417 97.603 1
	4.412 118.551 180.000 1
	-89.725 133.740 135.166 1
	-28.470 58.029 34.607 1
	-24.838 133.127 133.064 1
	13.774 45.350 66.056 1
	-83.360 52.259 39.208 1
	70.869 117.617 120.871 1
	-44.353 74.341 110.329 1
	49.515 60.470 67.007 1
	83.331 122.527 125.856 1
	32.447 119.318 121.072 1
	48.810 87.800 174.448 1
	-70.577 60.653 54.992 1
	54.517 95.598 94.784 1
	-34.681 116.213 146.225 1
	30.768 122.475 130.594 1
	-49.796 124.194 152.624 1
	62.911 119.823 113.205 1
	-1.175 117.565 145.537 1
	-89.622 52.168 44.719 1
	11.826 36.921 43.923 1
	-46.461 81.893 99.981 1
	-19.154 142.116 116.127 1
	-40.382 77.670 31.381 1
	-82.918 66.561 40.290 1
	-40.308 94.641 169.596 1
	65.798 51.566 66.045 1
	-36.623 111.452 136.181 1
	-69.706 89.634 176.729 1
	44.857 79.326 173.486 1
	15.854 34.693 53.606 1
	89.559 131.041 134.943 1
	40.720 76.519 135.682 1
	78.111 137.023 173.755 1
	-2.636 150.877 167.264 1
	13.361 39.265 41.900 1
	9.013 29.221 40.457 1
	-44.066 79.664 12.175 1
	-14.656 34.761 64.807 1
	-63.679 56.912 19.956 1
	-20.667 138.427 130.182 1
	-85.038 126.870 139.275 1
	-89.548 124.418 135.333 1
	46.713 72.347 58.665 1
	19.761 85.949 80.707 1
	-62.172 123.169 157.466 1
	-85.405 45.802 122.252 1
	-31.633 53.617 51.566 1
	-43.465 122.412 157.392 1
	54.723 119.869 19.372 1
	49.320 119.783 179.261 1
	-90.000 128.268 135.115 1
	8.210 107.424 86.774 1
	-34.246 57.611 54.024 1
	-29.169 55.577 39.677 1
	22.431 46.347 44.129 1
	80.518 75.281 141.887 1
	35.512 114.643 131.786 1
	11.293 6.010 91.232 1
	17.189 148.081 55.548 1
	32.790 61.645 141.108 1
	-28.258 50.867 47.011 1
	21.749 145.027 150.230 1
	-22.850 142.598 30.418 1
	-19.486 47.252 33.701 1
	42.204 91.519 8.978 1
	79.721 79.200 94.509 1
	-89.043 24.414 85.256 1
	73.585 123.954 122.298 1
	84.087 52.254 50.197 1
	0.825 129.827 44.083 1
	50.827 95.363 4.847 1
	73.694 78.661 0.000 1
	29.364 89.954 179.273 1
	15.413 37.259 28.201 1
	35.466 113.761 129.867 1
	28.528 125.753 130.537 1
	14.994 39.093 39.242 1
	44.811 113.125 116.328 1
	-80.890 58.591 38.274 1
	69.929 97.036 10.863 1
	-88.224 23.847 84.127 1
	31.072 58.826 142.993 1
	-77.871 121.748 54.293 1
	19.698 175.079 168.335 1
	-34.756 63.936 40.932 1
	-12.422 42.571 29.421 1
	-41.178 76.977 25.835 1
	-88.975 120.848 135.854 1
	-43.367 100.468 163.396 1
	-74.055 88.694 91.307 1
	-57.966 149.393 25.840 1
	17.246 80.638 165.046 1
	-30.178 40.285 57.771 1
	8.113 20.122 118.178 1
	-41.992 72.748 118.574 1
	81.853 116.723 173.125 1
	-23.950 49.017 41.236 1
	17.303 35.294 42.897 1
	-87.852 58.912 43.447 1
	-10.491 98.354 89.330 1
	55.124 65.122 163.854 1
	76.513 80.638 10.187 1
	-89.307 23.090 89.141 1
	-65.592 67.838 29.204 1
	63.684 119.714 116.832 1
	32.894 117.135 139.171 1
	-33.386 123.977 126.629 1
	-26.969 129.678 135.711 1
	-47.871 71.442 119.227 1
	-32.641 61.232 33.988 1
	-49.899 79.676 93.914 1
	-85.508 58.006 130.801 1
	36.411 114.907 125.690 1
	-29.725 123.524 142.002 1
	-35.500 39.689 46.140 1
	-32.521 62.939 128.068 1
	-31.925 121.490 137.470 1
	32.934 56.918 38.961 1
	-69.213 20.976 59.983 1
	-19.836 50.191 22.099 1
	-71.895 125.134 152.155 1
	87.582 113.537 133.276 1
	21.463 43.407 134.221 1
	16.484 83.062 18.724 1
	-32.682 59.565 43.379 1
	-9.998 39.374 32.309 1
	-23.995 36.205 54.282 1
	67.575 48.673 40.795 1
	24.895 47.727 42.021 1
	11.098 82.431 7.718 1
	-40.881 37.592 71.196 1
	14.903 167.229 172.403 1
	-18.077 143.469 127.718 1
	4.773 123.833 90.556 1
	29.547 127.145 137.699 1
	-5.644 34.011 59.146 1
	-37.449 109.074 56.855 1
	12.576 54.127 22.282 1
	-33.558 60.877 46.089 1
	16.622 134.404 118.482 1
	-89.593 124.658 134.250 1
	-68.807 43.132 50.833 1
	34.406 116.425 134.015 1
	-61.135 10.399 145.508 1
	74.330 119.909 123.604 1
	-87.548 109.830 178.516 1
	45.350 100.331 106.307 1
	-88.596 116.849 136.020 1
	48.306 80.884 170.902 1
	-11.488 73.104 76.519 1
	32.653 56.488 38.589 1
	14.966 38.199 54.798 1
	-32.263 120.780 138.518 1
	-44.949 71.333 90.619 1
	55.405 59.926 77.544 1
	-80.220 114.282 141.417 1
	51.572 81.475 86.998 1
	-25.296 128.360 143.526 1
	60.905 154.435 155.438 1
	72.164 60.705 14.616 1
	31.650 53.251 128.090 1
	24.402 55.250 131.396 1
	-32.452 58.894 45.367 1
	15.711 47.229 67.294 1
	-40.382 102.388 148.820 1
	18.363 134.800 125.191 1
	-88.900 25.107 88.470 1
	-88.470 146.861 102.330 1
	-51.784 96.165 87.118 1
	-80.827 101.121 12.439 1
	54.826 118.740 106.645 1
	-83.171 65.174 40.359 1
	-41.293 95.632 171.211 1
	-17.876 136.559 141.280 1
	-50.861 85.073 2.017 1
	-18.753 131.522 153.599 1
	-76.839 55.932 33.822 1
	54.408 113.423 116.597 1
	5.523 30.287 42.915 1
	-69.803 141.011 163.373 1
	-90.000 45.000 88.952 1
	22.827 148.196 138.673 1
	-27.267 52.208 41.981 1
	7.615 78.209 3.873 1
	88.321 130.904 133.293 1
	-38.073 112.770 139.819 1
	31.478 130.497 146.242 1
	-19.125 45.831 34.544 1
	-40.823 68.423 117.932 1
	-24.826 127.655 148.236 1
	51.560 98.681 92.899 1
	-2.830 139.842 178.259 1
	33.146 120.201 136.731 1
	39.299 112.391 117.227 1
	-40.697 100.205 167.825 1
	59.141 141.458 145.199 1
	33.524 132.084 60.957 1
	-25.754 127.351 144.964 1
	-2.819 12.542 47.567 1
	-78.891 116.597 53.245 1
	1.776 32.005 44.542 1
	31.793 120.510 134.960 1
	29.811 52.775 39.780 1
	-89.708 117.433 134.330 1
	-46.587 77.040 102.640 1
	-2.727 34.160 129.592 1
	-24.832 46.874 46.931 1
	86.528 56.459 47.779 1
	-90.000 151.547 0.000 1
	-19.400 45.499 36.595 1
	-8.125 20.518 140.197 1
	64.956 68.531 61.564 1
	-42.273 81.457 102.044 1
	-86.574 96.755 13.316 1
	-26.459 48.484 44.519 1
	66.732 109.401 30.986 1
	28.487 15.504 21.325 1
	-17.154 115.084 159.638 1
	-32.676 60.441 37.156 1
	30.315 124.212 133.299 1
	84.053 124.355 130.061 1
	24.024 130.216 128.171 1
	43.029 75.344 164.267 1
	21.583 49.710 56.866 1
	-49.824 147.491 123.679 1
	28.384 56.591 69.402 1
	89.450 128.325 135.619 1
	-85.290 62.086 41.585 1
	-49.074 97.048 172.306 1
	26.156 25.634 35.134 1
	-33.111 119.101 46.570 1
	5.214 173.578 104.129 1
	39.265 63.994 59.674 1
	-89.656 66.704 44.559 1
	21.858 46.725 44.994 1
	86.551 47.275 48.547 1
	-31.931 114.597 133.568 1
	75.860 120.533 164.170 1
	47.212 83.835 169.785 1
	48.810 96.515 10.233 1
	-44.370 96.841 78.713 1
	-49.641 44.759 44.261 1
	-32.951 60.659 126.251 1
	-3.879 44.840 96.732 1
	-89.519 134.989 91.960 1
	21.182 130.806 121.284 1
	-10.050 35.638 53.365 1
	-29.358 61.908 25.285 1
	-30.069 53.520 47.997 1
	75.665 71.391 54.196 1
	-64.332 119.880 158.171 1
	-63.810 109.418 160.978 1
	27.915 128.824 136.249 1
	-30.344 123.730 139.171 1
	25.222 131.843 136.066 1
	-89.548 104.542 12.874 1
	37.907 110.220 123.994 1
	1.507 35.203 49.143 1
	-45.092 107.309 67.569 1
	5.529 142.134 116.866 1
	35.798 112.987 134.714 1
	40.989 116.081 105.350 1
	89.639 50.489 44.376 1
	63.002 38.600 34.716 1
	84.660 133.236 129.626 1
	-82.655 101.173 11.379 1
	-31.879 58.986 35.787 1
	72.324 65.231 56.436 1
	24.087 49.526 47.046 1
	-17.149 55.863 21.841 1
	-89.742 130.039 135.264 1
	-62.636 18.535 165.705 1
	34.905 115.245 133.849 1
	60.642 58.826 166.862 1
	22.317 45.905 42.634 1
	-12.376 22.196 3.163 1
	-25.199 142.512 123.020 1
	76.559 64.853 54.208 1
	-46.467 74.954 107.917 1
	29.186 89.782 179.319 1
	43.568 84.500 173.595 1
	14.347 145.216 141.607 1
	11.814 32.464 37.282 1
	-6.618 43.052 22.706 1
	32.235 126.692 53.818 1
	-5.672 37.924 95.174 1
	85.990 55.021 48.180 1
	-11.534 41.511 27.576 1
	26.883 91.994 8.291 1
	12.737 34.372 31.226 1
	-89.708 125.495 133.322 1
	-24.442 120.556 150.350 1
	-25.835 128.933 139.240 1
	19.859 47.315 58.465 1
	26.178 50.827 46.730 1
	2.154 33.541 42.817 1
	47.464 94.194 4.962 1
	15.716 40.542 35.426 1
	30.779 126.028 139.309 1
	4.034 75.802 37.483 1
	55.044 119.479 106.811 1
	-84.110 116.442 139.086 1
	44.754 77.470 169.739 1
	-21.698 45.533 42.055 1
	39.912 86.540 173.251 1
	21.835 91.043 173.841 1
	-72.250 122.871 149.479 1
	-28.287 8.915 54.895 1
	46.186 78.438 166.547 1
	-30.109 54.654 46.421 1
	-29.788 126.652 132.623 1
	-79.005 56.287 34.269 1
	-34.515 63.197 42.026 1
	-22.477 129.557 137.475 1
	-3.718 34.246 50.575 1
	-8.703 162.055 128.520 1
	41.837 107.831 112.242 1
	77.424 90.997 90.986 1
	-42.972 78.908 105.476 1
	12.359 39.036 41.929 1
	30.453 124.275 134.026 1
	8.296 27.554 45.585 1
	-89.737 65.930 178.161 1
	7.374 23.984 49.973 1
	-19.079 162.273 121.152 1
	-83.612 9.293 175.749 1
	-74.777 51.899 30.865 1
	-25.027 128.211 144.958 1
	-47.533 74.582 14.782 1
	82.174 60.080 12.731 1
	45.006 81.950 167.229 1
	-21.148 52.672 18.403 1
	-74.513 128.268 149.485 1
	-88.447 117.771 136.152 1
	44.633 80.982 170.845 1
	76.604 108.077 170.369 1
	14.141 38.291 37.958 1
	-57.760 77.384 94.767 1
	2.298 34.211 42.634 1
	41.419 115.233 115.823 1
	41.534 98.033 98.617 1
	-27.244 55.113 27.456 1
	-35.208 40.067 48.283 1
	29.112 126.744 135.470 1
	-72.261 57.101 30.544 1
	-12.210 31.043 39.849 1
	-26.012 47.132 49.211 1
	-6.824 157.632 39.597 1
	47.154 80.741 174.242 1
	14.799 142.649 46.175 1
	23.371 44.576 31.690 1
	22.294 129.276 119.828 1
	31.587 121.261 37.615 1
	-4.492 140.804 151.255 1
	30.235 32.481 26.138 1
	43.975 95.082 4.469 1
	50.816 84.975 175.377 1
	56.402 67.122 60.745 1
	10.531 160.858 53.222 1
	81.011 100.027 124.492 1
	65.770 125.988 114.700 1
	9.918 146.757 130.548 1
	-20.134 41.958 46.238 1
	-20.913 133.528 141.813 1
	-45.143 85.686 94.326 1
	-61.874 92.092 88.619 1
	46.690 76.009 168.100 1
	-22.231 34.440 57.542 1
	89.811 119.611 180.000 1
	-32.194 121.736 135.751 1
	-73.602 124.670 149.278 1
	-75.332 111.589 5.403 1
	-75.247 126.016 148.110 1
	49.847 12.284 113.027 1
	73.648 50.965 60.304 1
	-85.949 107.401 117.376 1
	13.436 39.139 43.516 1
	2.779 36.194 45.373 1
	28.785 125.111 127.735 1
	51.136 14.593 38.898 1
	28.482 49.979 39.322 1
	-28.677 56.184 35.036 1
	45.183 102.800 9.230 1
	25.915 128.629 129.466 1
	-42.279 98.577 78.002 1
	13.000 98.136 146.477 1
	50.753 87.273 177.227 1
	12.330 128.239 110.019 1
	33.358 121.370 139.933 1
	16.312 39.683 43.482 1
	45.126 77.172 171.034 1
	72.588 126.297 120.636 1
	34.314 117.731 46.954 1
	29.977 120.808 130.829 1
	18.971 39.717 34.773 1
	-48.747 171.022 85.720 1
	-23.491 21.996 63.140 1
	-66.515 90.000 88.814 1
	46.839 103.929 13.092 1
	-76.834 118.665 100.256 1
	-43.642 85.365 100.594 1
	84.901 91.278 63.277 1
	-33.730 55.428 55.004 1
	-48.352 62.962 26.121 1
	-45.098 72.743 112.529 1
	-8.778 70.273 15.115 1
	-28.654 126.566 136.593 1
	-25.428 50.048 41.488 1
	42.857 77.974 163.012 1
	43.207 127.936 120.464 1
	34.326 116.597 39.030 1
	-79.355 166.610 8.806 1
	18.105 23.388 33.873 1
	72.468 101.064 175.806 1
	34.544 117.943 139.160 1
	-21.973 137.659 131.459 1
	64.034 61.599 64.578 1
	-54.861 111.469 153.690 1
	-23.841 131.024 139.045 1
	67.810 125.128 133.493 1
	35.672 116.247 133.723 1
	-30.092 167.630 148.333 1
	43.029 104.674 15.688 1
	-53.159 62.429 33.444 1
	8.142 31.008 41.654 1
	65.770 94.355 178.539 1
	43.705 106.576 19.641 1
	-90.000 65.168 45.476 1
	-45.716 107.241 67.661 1
	-25.027 124.888 161.351 1
	-73.390 50.363 28.974 1
	-0.143 51.538 26.820 1
	-68.497 125.661 156.704 1
	9.786 142.414 129.380 1
	-45.516 92.962 92.126 1
	18.346 88.585 1.558 1
	42.061 91.209 8.623 1
	77.515 98.617 130.371 1
	-90.000 153.753 102.995 1
	-65.415 79.727 110.466 1
	20.036 34.870 36.022 1
	-10.118 34.767 137.063 1
	43.711 73.442 160.216 1
	-86.093 51.274 40.027 1
	-32.670 58.826 46.673 1
	-26.121 91.530 96.601 1
	-25.823 51.056 40.806 1
	-10.760 35.930 37.070 1
	-82.615 125.810 141.165 1
	-25.176 140.575 120.527 1
	30.166 132.731 145.405 1
	-33.484 120.974 149.049 1
	-28.287 54.339 37.964 1
	52.437 65.415 64.292 1
	44.989 98.314 5.999 1
	-22.380 48.289 37.431 1
	-8.170 4.137 149.152 1
	86.717 66.171 47.217 1
	12.112 150.533 53.050 1
	34.612 120.109 126.738 1
	30.756 55.302 43.327 1
	4.985 37.174 57.342 1
	-62.401 60.395 112.409 1
	26.975 48.742 131.987 1
	90.000 60.378 0.000 1
	51.623 83.291 2.985 1
	22.357 31.352 30.166 1
	-11.774 91.461 174.322 1
	-33.088 61.455 128.830 1
	-5.489 152.659 52.391 1
	12.989 31.971 36.389 1
	-29.582 122.940 149.215 1
	-46.914 101.242 76.123 1
	-87.737 112.770 136.685 1
	22.781 134.846 136.095 1
	-82.466 113.165 140.174 1
	-49.830 107.286 78.810 1
	24.660 131.494 132.084 1
	50.220 96.876 1.329 1
	-78.043 65.128 125.988 1
	-88.665 66.263 179.359 1
	62.630 114.454 119.089 1
	30.344 124.280 133.723 1
	-1.833 31.960 52.471 1
	-62.154 63.547 111.148 1
	1.627 39.975 40.336 1
	43.826 103.327 18.335 1
	67.449 118.975 118.849 1
	62.750 151.456 159.105 1
	55.480 108.593 26.465 1
	-49.807 72.588 101.104 1
	-10.909 76.977 67.792 1
	-66.778 162.101 127.334 1
	-45.384 66.177 23.818 1
	-32.109 57.640 46.312 1
	-43.447 72.920 107.493 1
	-48.564 76.834 104.215 1
	81.062 42.233 22.586 1
	-72.748 124.664 150.413 1
	76.370 76.914 9.643 1
	-80.879 121.410 141.750 1
	73.064 134.691 137.653 1
	-33.151 60.934 133.574 1
	83.067 71.379 50.907 1
	32.636 120.504 135.029 1
	-33.249 46.788 61.433 1
	71.557 129.517 116.299 1
	-17.601 41.832 41.912 1
	4.452 147.972 134.605 1
	13.029 131.351 108.467 1
	85.411 49.905 49.292 1
	39.076 52.500 58.132 1
	26.683 50.581 44.576 1
	37.219 139.464 63.495 1
	-28.424 125.524 142.678 1
	-73.619 64.996 123.306 1
	-3.684 161.179 43.172 1
	-32.693 121.301 151.610 1
	-45.516 86.786 87.777 1
	18.151 38.159 131.786 1
	-89.278 25.044 88.883 1
	-81.864 141.400 111.160 1
	43.052 96.137 13.092 1
	-33.558 128.205 122.556 1
	32.888 122.355 139.750 1
	-81.692 75.355 2.315 1
	-44.358 105.579 69.614 1
	11.809 101.643 152.046 1
	-30.728 57.216 39.351 1
	24.815 133.975 138.089 1
	-34.595 116.419 144.122 1
	-78.507 121.874 146.620 1
	-63.277 60.172 25.348 1
	-14.593 93.581 111.727 1
	-60.166 58.917 32.762 1
	-34.727 116.104 142.489 1
	-61.994 119.009 159.299 1
	81.922 64.698 142.311 1
	25.136 129.540 129.815 1
	-36.503 63.552 30.252 1
	-9.780 174.981 111.904 1
	49.607 81.784 2.796 1
	15.413 30.768 31.662 1
	84.643 69.242 56.946 1
	-82.311 52.070 38.296 1
	32.424 120.138 130.119 1
	-24.643 137.286 128.079 1
	7.460 121.805 156.286 1
	34.332 63.415 141.016 1
	21.864 48.094 43.751 1
	-82.002 122.155 51.200 1
	1.421 133.935 126.389 1
	16.719 148.723 144.030 1
	71.413 103.551 175.165 1
	29.215 133.104 144.483 1
	-86.299 86.774 154.848 1
	89.450 58.012 44.937 1
	-90.000 62.699 46.799 1
	-49.842 107.361 72.227 1
	36.417 84.792 2.086 1
	10.737 31.478 38.010 1
	-79.962 121.811 142.472 1
	-75.544 58.940 34.080 1
	32.853 126.486 145.016 1
	-71.379 50.684 26.912 1
	-51.503 102.594 66.188 1
	41.877 106.708 29.347 1
	-89.593 51.681 44.335 1
	32.063 122.951 137.854 1
	-41.648 73.574 93.776 1
	-68.199 123.215 153.725 1
	-10.795 34.504 135.894 1
	44.949 106.943 16.702 1
	-88.144 103.385 45.888 1
	-35.632 70.365 41.259 1
	86.792 95.546 87.960 1
	34.647 116.007 40.164 1
	81.274 109.710 118.407 1
	-31.438 126.509 128.767 1
	28.367 149.754 163.660 1
	-83.457 51.767 121.897 1
	-1.283 31.713 49.194 1
	12.806 24.981 124.825 1
	-58.046 48.352 31.742 1
	89.507 50.884 44.610 1
	31.856 121.679 130.846 1
	73.230 121.622 120.252 1
	-79.492 70.732 38.486 1
	23.549 31.816 29.158 1
	88.104 61.289 46.484 1
	-45.246 73.877 103.797 1
	-77.871 127.437 55.961 1
	28.826 39.855 118.711 1
	34.670 118.866 118.877 1
	-49.223 73.831 18.105 1
	-89.559 91.880 45.063 1
	-87.239 45.063 86.591 1
	-56.345 75.184 30.413 1
	-29.221 136.261 32.418 1
	8.445 131.803 25.800 1
	34.670 115.732 42.135 1
	-32.767 59.439 45.487 1
	34.641 64.223 138.071 1
	60.579 172.741 147.565 1
	-34.991 114.592 139.830 1
	25.915 126.635 123.530 1
	42.926 102.141 12.811 1
	76.536 165.894 167.802 1
	44.966 98.199 12.256 1
	7.872 33.444 137.670 1
	44.742 102.554 10.055 1
	82.030 85.050 7.935 1
	-30.132 139.750 122.332 1
	-41.001 64.446 26.780 1
	-47.653 113.572 153.822 1
	-22.042 49.853 31.696 1
	30.172 123.535 127.775 1
	20.403 126.194 112.598 1
	-82.368 127.592 141.641 1
	89.966 90.115 134.846 1
	34.572 120.974 143.595 1
	58.172 104.582 23.686 1
	54.970 114.609 16.192 1
	53.675 64.681 67.340 1
	46.799 97.437 2.223 1
	-32.292 119.164 148.006 1
	89.399 155.908 89.164 1
	12.135 39.208 141.624 1
	47.407 110.959 108.495 1
	-8.995 34.177 64.664 1
	74.800 130.302 30.418 1
	12.972 95.518 151.559 1
	-87.857 120.338 136.519 1
	-19.154 39.271 62.464 1
	-30.613 141.990 117.743 1
	-36.990 115.113 154.555 1
	48.266 99.099 8.617 1
	-3.959 99.471 77.601 1
	-30.699 53.709 49.532 1
	-45.378 101.849 88.522 1
	26.809 87.960 171.847 1
	75.275 65.197 55.554 1
	-44.943 73.602 19.458 1
	4.624 77.223 116.918 1
	31.902 55.434 38.869 1
	-61.387 113.153 150.356 1
	-44.376 83.176 101.351 1
	6.715 74.376 35.953 1
	-35.896 142.552 132.800 1
	-89.118 103.293 126.910 1
	-74.977 123.896 57.852 1
	1.478 34.670 58.270 1
	26.889 45.653 31.146 1
	-51.967 127.386 149.364 1
	-22.907 147.468 30.086 1
	-46.960 62.865 27.788 1
	-6.222 21.537 49.269 1
	-1.450 32.911 46.708 1
	43.052 83.841 166.851 1
	66.280 39.379 26.001 1
	32.521 58.848 44.502 1
	59.330 142.638 137.498 1
	30.791 126.589 140.145 1
	10.680 142.128 119.869 1
	79.756 52.815 53.955 1
	-75.573 79.951 20.976 1
	74.061 57.840 58.659 1
	61.713 112.792 117.605 1
	83.554 2.292 139.928 1
	-41.677 66.085 27.960 1
	47.979 95.678 4.664 1
	77.040 114.918 125.833 1
	5.025 17.676 128.973 1
	-71.734 63.833 121.937 1
	55.909 86.889 2.636 1
	72.605 65.684 56.442 1
	46.284 96.859 10.393 1
	-23.657 51.257 31.690 1
	-45.481 93.845 93.025 1
	-87.697 61.152 43.247 1
	46.879 85.566 176.712 1
	-33.014 60.424 28.086 1
	39.918 93.604 6.543 1
	-44.708 167.258 8.692 1
	-36.469 67.363 44.651 1
	-70.325 76.604 110.569 1
	63.283 118.327 26.035 1
	-83.165 142.964 149.817 1
	27.382 127.724 132.336 1
	-23.944 126.618 155.186 1
	-22.420 154.515 117.743 1
	-2.315 24.270 59.828 1
	-61.742 59.880 19.595 1
	6.921 67.323 30.957 1
	-33.810 61.553 45.682 1
	5.913 77.630 103.436 1
	-32.435 44.937 151.610 1
	-10.325 81.784 1.335 1
	-49.859 72.617 107.791 1
	7.116 28.138 51.022 1
	-34.200 117.863 133.471 1
	89.668 65.420 45.195 1
	-44.101 78.283 106.284 1
	-25.869 55.268 32.389 1
	90.000 121.100 135.040 1
	-68.818 117.686 111.165 1
	-42.101 77.401 23.314 1
	-44.267 157.741 129.368 1
	16.077 30.046 33.644 1
	-76.616 75.842 86.247 1
	-33.266 119.427 137.298 1
	-32.613 60.275 38.629 1
	-22.930 140.128 37.809 1
	-46.392 103.430 70.050 1
	-40.296 85.376 10.428 1
	80.266 162.714 92.057 1
	-35.627 112.328 137.739 1
	-81.182 124.206 142.013 1
	-34.022 115.560 143.503 1
	82.804 122.647 129.689 1
	-83.554 122.848 139.876 1
	18.300 45.688 56.963 1
	-33.449 117.611 55.967 1
	85.090 50.896 49.567 1
	-31.077 128.446 126.813 1
	88.889 128.262 134.009 1
	32.916 120.848 135.911 1
	-7.380 31.891 130.365 1
	57.353 66.131 68.892 1
	-89.886 69.546 91.478 1
	-50.157 76.943 101.849 1
	75.453 58.614 54.162 1
	-31.782 122.441 134.582 1
