This file is created by TexTools software, Resmat Corp.
ODF file name: file Created at Texture lab IITK

B 500 0
	83.721 77.808 60.344 1
	-88.516 87.405 87.972 1
	-52.151 173.727 161.144 1
	4.131 82.603 89.267 1
	-78.828 98.125 174.426 1
	7.340 55.141 10.726 1
	-4.916 69.145 19.658 1
	-11.007 10.107 101.041 1
	-47.166 33.650 13.568 1
	-32.441 37.368 15.132 1
	86.482 89.863 60.075 1
	-19.549 112.242 94.567 1
	15.911 120.533 180.000 1
	85.795 101.711 159.139 1
	30.854 110.180 168.335 1
	-36.440 81.727 46.914 1
	-3.254 91.404 85.571 1
	76.284 79.326 32.343 1
	-38.388 80.850 61.169 1
	10.961 105.361 169.727 1
	-13.608 71.872 9.230 1
	18.140 49.378 10.989 1
	60.854 93.249 159.414 1
	-8.944 84.614 80.879 1
	-80.495 95.518 122.120 1
	74.994 14.547 12.519 1
	-57.238 84.775 66.956 1
	27.422 146.013 179.427 1
	33.209 18.873 69.156 1
	38.738 37.322 3.077 1
	-89.823 96.618 125.971 1
	-32.979 148.849 163.591 1
	-3.260 98.744 173.933 1
	89.679 93.157 75.544 1
	-74.674 78.925 29.427 1
	13.585 75.069 19.240 1
	-59.353 166.055 140.335 1
	4.028 99.070 90.625 1
	-1.868 30.327 83.474 1
	-89.611 95.277 123.157 1
	-87.943 81.675 7.374 1
	52.471 91.043 111.423 1
	-17.280 89.920 6.979 1
	-78.392 143.532 152.688 1
	7.620 82.575 1.604 1
	1.753 58.258 20.615 1
	-11.539 85.640 90.613 1
	-14.249 76.284 12.044 1
	-33.959 165.189 92.831 1
	-73.379 3.151 28.115 1
	27.559 169.825 116.522 1
	-89.634 84.723 56.843 1
	-20.128 100.789 175.199 1
	80.489 76.708 27.342 1
	-73.551 140.632 156.922 1
	30.275 112.489 98.297 1
	-29.954 72.857 6.492 1
	89.399 89.668 84.288 1
	88.344 83.451 82.260 1
	73.281 12.571 47.143 1
	-15.441 94.830 151.742 1
	1.753 121.742 159.391 1
	-26.539 10.365 97.025 1
	-82.546 94.355 170.879 1
	-37.838 97.053 123.753 1
	-88.957 93.936 173.864 1
	51.274 171.715 133.127 1
	-78.392 36.469 27.313 1
	70.422 172.947 159.460 1
	80.329 139.882 144.912 1
	-85.222 94.825 96.303 1
	-87.095 102.204 91.501 1
	-25.812 60.625 83.807 1
	81.314 101.465 172.351 1
	84.907 92.218 1.312 1
	89.754 98.893 95.174 1
	-2.252 120.917 93.404 1
	1.570 80.140 80.438 1
	-1.467 96.526 97.340 1
	68.990 70.096 23.824 1
	-17.263 113.898 151.324 1
	-81.423 89.748 57.806 1
	-80.483 171.034 147.731 1
	1.146 77.957 86.843 1
	12.754 15.980 3.443 1
	-90.000 86.717 84.930 1
	-15.602 126.051 177.560 1
	87.565 83.497 9.093 1
	-4.962 108.467 155.816 1
	43.424 129.964 98.039 1
	-24.540 8.073 70.273 1
	-19.549 67.758 85.434 1
	88.814 80.392 88.052 1
	-23.010 51.068 83.503 1
	18.633 105.585 121.971 1
	52.471 88.963 68.577 1
	78.318 134.175 167.808 1
	2.744 59.920 7.964 1
	-1.730 60.476 4.206 1
	-6.406 99.901 94.315 1
	-79.744 98.938 127.283 1
	80.380 10.938 8.497 1
	-79.292 100.932 154.080 1
	70.852 5.437 12.416 1
	-87.766 82.901 4.085 1
	26.740 65.248 78.558 1
	-25.193 126.864 115.354 1
	-80.438 84.213 27.513 1
	-25.812 115.090 86.488 1
	42.737 173.125 131.826 1
	-19.498 67.391 26.012 1
	-88.321 89.914 167.487 1
	19.567 71.316 5.082 1
	0.957 121.988 83.675 1
	10.176 124.733 90.161 1
	-14.318 155.375 81.967 1
	79.057 102.405 154.819 1
	-88.516 92.596 92.034 1
	69.993 174.918 121.330 1
	-26.906 117.262 109.613 1
	85.898 4.532 7.603 1
	30.670 4.538 60.659 1
	-11.585 173.572 99.087 1
	-82.288 4.756 16.776 1
	-87.204 88.333 155.008 1
	-0.510 129.907 98.342 1
	59.954 58.476 31.564 1
	-23.296 73.012 87.158 1
	-6.188 120.487 171.102 1
	2.143 121.794 93.736 1
	-79.418 86.402 97.787 1
	-50.930 79.635 67.007 1
	-63.558 77.498 20.042 1
	2.143 58.207 86.265 1
	62.916 45.923 25.434 1
	-58.877 4.595 41.064 1
	11.837 126.039 177.353 1
	-70.451 168.335 131.305 1
	-87.657 4.819 30.980 1
	89.805 96.778 99.998 1
	-81.434 86.499 61.679 1
	-5.323 84.918 8.308 1
	-80.512 16.507 5.243 1
	10.262 112.300 156.561 1
	85.497 86.362 120.184 1
	55.525 42.897 6.692 1
	-87.915 98.176 170.191 1
	-73.144 8.864 35.145 1
	87.685 93.295 173.142 1
	-85.680 91.971 120.843 1
	-16.283 128.176 179.089 1
	-12.588 90.905 173.005 1
	-81.818 95.581 160.233 1
	79.630 105.946 152.143 1
	-88.745 98.342 92.985 1
	89.450 86.499 54.018 1
	-5.764 61.077 88.075 1
	43.293 2.997 45.733 1
	-28.115 70.743 69.574 1
	-1.438 50.180 87.640 1
	65.586 104.255 168.994 1
	6.652 98.755 90.550 1
	5.483 23.864 88.373 1
	4.114 97.391 90.682 1
	84.729 9.969 18.575 1
	-72.743 146.001 142.065 1
	20.924 127.752 94.091 1
	-3.008 94.051 173.085 1
	-17.865 86.350 2.177 1
	-18.249 170.547 79.234 1
	-22.769 25.634 8.480 1
	-83.423 78.810 28.178 1
	9.230 83.612 77.275 1
	-1.902 76.748 93.071 1
	5.684 77.848 88.316 1
	57.450 145.869 126.056 1
	-2.475 102.462 89.404 1
	-19.968 9.196 110.002 1
	75.046 94.865 148.763 1
	-81.618 93.518 116.981 1
	76.083 161.534 157.346 1
	81.177 83.331 122.258 1
	81.899 85.600 54.706 1
	1.473 88.127 83.039 1
	1.954 159.838 93.770 1
	-4.091 20.598 93.066 1
	8.468 93.616 180.000 1
	-64.378 172.036 66.515 1
	0.682 102.181 101.511 1
	-35.598 16.215 91.862 1
	76.771 94.360 115.766 1
	-0.900 61.507 13.934 1
	-86.494 89.748 4.985 1
	83.142 85.388 126.916 1
	88.167 90.791 8.102 1
	89.078 92.367 167.556 1
	87.187 89.794 127.082 1
	2.189 29.731 87.279 1
	36.910 168.060 128.165 1
	-23.291 106.988 92.842 1
	77.269 100.440 155.025 1
	74.450 177.244 161.442 1
	-46.089 11.488 92.304 1
	-4.670 124.257 98.033 1
	-77.693 88.734 29.553 1
	0.086 102.032 90.751 1
	-22.798 19.882 89.427 1
	9.207 81.675 12.072 1
	-9.099 56.247 0.000 1
	-73.934 176.735 152.476 1
	9.460 159.242 96.572 1
	-85.067 99.150 180.000 1
	-34.973 2.659 152.619 1
	-87.571 74.307 88.419 1
	87.095 173.646 174.477 1
	74.364 2.750 18.827 1
	-32.653 135.029 91.381 1
	-73.402 162.949 149.261 1
	-25.164 11.184 55.818 1
	11.236 14.358 78.180 1
	84.695 80.667 1.369 1
	12.548 93.163 172.323 1
	7.265 84.122 4.824 1
	74.994 165.453 167.470 1
	-1.581 81.234 4.366 1
	87.726 89.972 23.365 1
	26.253 109.538 91.163 1
	75.298 104.823 148.717 1
	-79.223 86.711 29.347 1
	-4.372 52.855 0.000 1
	8.629 80.134 84.253 1
	-57.577 94.160 113.354 1
	63.558 81.039 23.623 1
	30.670 175.463 119.341 1
	-2.469 58.121 86.328 1
	26.969 74.118 97.781 1
	-1.507 103.511 97.151 1
	15.350 149.582 92.384 1
	-34.549 15.625 86.316 1
	-87.439 92.286 178.986 1
	-1.558 127.810 98.119 1
	-82.878 90.121 75.355 1
	-81.165 88.963 9.626 1
	-33.678 169.080 129.139 1
	-78.077 62.441 28.476 1
	-89.863 80.695 80.082 1
	-60.928 16.444 33.157 1
	-46.037 161.580 88.551 1
	21.474 110.019 171.360 1
	-36.440 98.268 133.087 1
	13.487 144.425 106.587 1
	-79.928 76.673 57.009 1
	-37.529 15.241 90.934 1
	23.211 73.046 96.154 1
	87.445 87.124 11.568 1
	-85.680 88.029 59.158 1
	40.416 173.721 129.769 1
	10.256 67.701 23.445 1
	-35.678 1.266 114.305 1
	-89.880 93.627 163.218 1
	3.432 60.315 91.324 1
	40.932 94.670 126.234 1
	87.737 95.174 172.867 1
	-17.332 158.549 85.875 1
	-14.834 102.663 177.714 1
	-7.403 33.289 94.572 1
	-77.974 102.852 172.821 1
	2.189 150.270 92.722 1
	-58.619 161.700 178.855 1
	53.491 109.584 144.895 1
	9.248 158.182 99.546 1
	-3.025 78.100 28.167 1
	-84.666 14.078 3.123 1
	-76.243 94.819 149.376 1
	18.673 55.875 85.537 1
	88.631 87.983 123.226 1
	78.008 84.580 31.283 1
	88.631 92.011 56.774 1
	84.059 89.966 96.423 1
	2.424 111.062 180.000 1
	2.956 118.138 172.913 1
	74.318 173.727 166.450 1
	7.322 120.052 175.955 1
	43.086 6.916 47.544 1
	59.542 91.140 108.066 1
	12.920 42.044 81.022 1
	4.910 79.630 92.235 1
	-3.621 98.165 93.111 1
	88.568 87.147 8.858 1
	-7.403 146.712 85.428 1
	-21.847 168.421 129.529 1
	2.899 119.336 95.054 1
	5.644 69.792 0.000 1
	-53.073 138.432 168.261 1
	-17.028 52.832 7.340 1
	81.589 95.174 63.014 1
	-78.959 105.447 119.995 1
	78.197 101.849 163.184 1
	-80.031 11.259 34.228 1
	-54.746 55.560 25.766 1
	-30.143 65.781 85.703 1
	81.245 96.108 122.739 1
	-83.807 173.784 113.595 1
	57.450 34.131 53.944 1
	75.086 154.853 135.000 1
	-88.533 94.234 170.633 1
	-60.155 124.040 159.299 1
	-80.678 41.654 22.277 1
	-87.565 94.469 97.139 1
	78.192 78.157 16.805 1
	-62.859 97.563 168.839 1
	-80.552 100.222 153.404 1
	54.964 169.779 155.438 1
	34.102 30.338 4.228 1
	-89.147 88.396 12.112 1
	-11.098 169.911 80.105 1
	-70.554 99.248 174.855 1
	-27.118 105.951 91.203 1
	-37.414 107.613 110.455 1
	-6.182 129.964 103.980 1
	22.437 108.593 156.790 1
	-5.122 95.415 171.693 1
	-85.709 88.029 76.278 1
	-30.149 113.148 109.790 1
	-15.504 56.717 92.435 1
	-25.302 160.577 157.008 1
	-84.465 90.757 3.782 1
	-85.657 79.905 8.795 1
	0.126 96.893 172.976 1
	66.721 168.180 158.480 1
	-8.623 120.247 89.427 1
	-82.941 116.167 100.858 1
	77.452 176.190 136.731 1
	27.416 33.988 0.647 1
	0.997 119.622 87.439 1
	83.944 62.922 84.798 1
	57.032 139.028 163.516 1
	68.990 109.905 156.171 1
	4.882 114.895 178.797 1
	1.948 120.132 168.524 1
	69.402 87.210 8.835 1
	-9.448 96.818 171.360 1
	23.044 64.131 93.673 1
	-4.183 99.775 93.736 1
	25.944 116.712 91.123 1
	26.133 15.206 66.715 1
	-7.809 51.285 82.603 1
	40.932 85.331 53.766 1
	-36.996 103.109 178.007 1
	74.719 153.662 162.050 1
	-34.572 74.370 70.726 1
	-10.989 169.893 78.971 1
	34.532 73.671 4.377 1
	73.207 6.417 17.808 1
	-89.124 94.280 171.377 1
	26.144 164.788 113.302 1
	-80.380 66.738 75.155 1
	-14.301 24.626 98.033 1
	22.918 127.082 99.551 1
	89.301 80.289 16.690 1
	-2.510 88.373 2.057 1
	1.478 91.874 96.950 1
	-88.837 160.354 161.225 1
	10.107 52.936 5.036 1
	-66.440 170.965 154.595 1
	-11.992 111.412 172.105 1
	78.192 85.978 9.523 1
	35.959 160.359 117.708 1
	-89.599 86.350 6.314 1
	-0.378 80.054 82.970 1
	75.046 95.380 167.670 1
	-80.552 79.779 26.597 1
	85.669 87.926 4.028 1
	-27.118 74.049 88.797 1
	24.981 97.454 91.083 1
	85.795 78.289 20.861 1
	-84.357 83.256 0.000 1
	17.086 5.374 63.954 1
	-86.511 89.273 86.603 1
	87.577 96.492 170.913 1
	6.228 80.243 3.163 1
	-17.332 21.452 94.126 1
	-42.605 94.292 123.856 1
	-60.395 34.504 55.187 1
	-17.200 145.268 95.644 1
	-89.886 86.373 16.782 1
	-30.000 133.665 111.211 1
	-72.748 33.999 37.936 1
	4.990 57.915 88.373 1
	-0.510 50.094 81.652 1
	81.784 87.514 93.713 1
	10.961 74.633 10.285 1
	-50.042 138.570 127.128 1
	-65.059 2.584 82.311 1
	38.720 94.905 122.796 1
	81.177 96.675 57.743 1
	14.937 20.105 78.426 1
	87.748 92.367 177.915 1
	87.531 91.066 91.501 1
	-78.398 94.739 164.296 1
	88.940 85.239 84.763 1
	89.760 83.222 80.002 1
	-6.171 110.724 147.451 1
	18.146 130.623 169.005 1
	-26.654 144.087 168.100 1
	-6.916 33.260 98.136 1
	1.891 60.779 85.227 1
	89.187 84.265 9.517 1
	7.626 96.515 172.741 1
	2.286 76.759 87.382 1
	-75.287 82.065 12.198 1
	36.303 81.790 38.617 1
	18.976 161.259 180.000 1
	-73.041 171.142 144.775 1
	19.498 104.101 170.535 1
	-88.213 89.221 8.892 1
	87.118 101.127 89.691 1
	26.969 105.883 82.225 1
	73.321 83.308 28.442 1
	89.112 95.226 173.870 1
	-13.430 147.296 177.892 1
	0.951 60.006 87.193 1
	81.847 21.784 15.195 1
	-85.170 12.657 15.115 1
	-7.414 58.384 8.646 1
	-83.474 85.926 53.022 1
	69.907 121.410 159.849 1
	66.801 11.814 21.492 1
	-10.880 86.465 88.247 1
	-79.985 162.726 162.388 1
	85.084 88.820 104.393 1
	-47.057 48.948 86.316 1
	88.860 88.075 180.000 1
	-90.000 8.216 28.608 1
	-78.369 93.278 147.307 1
	88.482 93.535 97.884 1
	74.336 27.112 43.402 1
	17.080 174.626 116.035 1
	84.901 86.333 159.500 1
	85.067 99.150 180.000 1
	80.587 89.989 102.605 1
	-89.559 86.499 54.013 1
	-77.533 96.910 151.713 1
	43.442 50.042 81.944 1
	81.245 78.329 11.304 1
	-89.124 90.997 23.474 1
	-12.582 123.003 177.520 1
	9.528 94.085 98.136 1
	-13.046 98.761 96.807 1
	29.164 11.832 59.146 1
	74.295 85.583 20.065 1
	-73.150 105.602 152.367 1
	12.548 166.066 106.753 1
	2.424 68.938 0.000 1
	-80.913 86.562 20.712 1
	85.932 103.201 170.707 1
	83.514 94.252 76.289 1
	-25.978 45.126 79.870 1
	23.508 68.256 21.096 1
	19.509 51.039 91.690 1
	77.538 98.194 148.614 1
	-90.000 92.097 180.000 1
	-2.865 31.026 50.907 1
	-20.781 5.861 22.724 1
	-12.061 75.000 2.114 1
	9.672 35.317 83.532 1
	74.169 84.569 9.477 1
	80.380 169.068 171.286 1
	-87.365 90.573 104.731 1
	2.286 103.241 92.619 1
	14.851 97.552 168.026 1
	89.318 99.718 163.310 1
	-51.440 104.960 107.745 1
	2.492 118.442 175.193 1
	33.856 99.849 140.466 1
	-16.203 159.145 80.466 1
	86.901 118.998 103.493 1
	57.473 95.764 66.538 1
	-14.301 16.478 11.064 1
	-71.837 79.767 5.621 1
	-9.064 34.108 86.488 1
	38.732 142.678 176.906 1
	-3.753 60.997 4.395 1
	-6.406 80.099 85.686 1
	22.632 68.153 92.464 1
	34.097 149.657 175.846 1
	27.181 66.165 76.960 1
	-82.678 27.187 24.047 1
	-83.108 92.642 87.233 1
	9.838 72.273 27.330 1
	-78.065 90.608 150.315 1
	12.542 86.832 7.701 1
	77.303 13.253 15.321 1
	79.630 74.061 27.851 1
	0.195 98.451 88.488 1
	80.329 40.119 35.088 1
	-62.790 172.265 175.623 1
	-89.765 99.294 99.918 1
	-80.369 82.197 6.704 1
	-22.363 34.515 11.115 1
