This file is created by TexTools software, Resmat Corp.
ODF file name: file Created at Texture lab IITK

B 500 0
	28.384 73.213 110.059 1
	-3.678 55.010 88.453 1
	0.401 73.980 95.690 1
	89.032 93.031 90.224 1
	62.613 5.185 21.681 1
	-28.728 111.973 98.354 1
	-84.528 158.801 152.831 1
	-89.250 87.926 0.000 1
	80.615 20.913 2.951 1
	26.706 36.709 1.656 1
	1.633 35.993 89.221 1
	16.043 53.136 1.719 1
	-6.148 124.160 180.000 1
	-90.000 15.848 40.182 1
	-34.257 106.902 109.412 1
	-83.411 86.007 85.525 1
	8.629 57.107 2.859 1
	-89.576 157.604 139.212 1
	-12.754 59.908 5.111 1
	-6.125 96.956 98.360 1
	0.074 105.447 92.974 1
	8.296 78.484 9.276 1
	89.038 98.669 170.060 1
	-2.865 57.181 88.682 1
	-10.474 7.053 103.579 1
	17.515 121.966 180.000 1
	20.558 106.885 161.276 1
	-81.893 88.688 55.903 1
	26.602 70.680 16.753 1
	-86.717 154.527 137.859 1
	-81.429 92.143 126.389 1
	72.766 3.782 19.165 1
	-9.901 78.157 84.231 1
	-2.332 56.580 1.919 1
	14.169 76.043 95.460 1
	78.363 86.242 16.014 1
	85.566 98.440 176.574 1
	-67.844 158.056 140.730 1
	23.635 146.712 103.682 1
	-13.253 86.671 143.085 1
	-27.485 116.500 98.291 1
	71.087 155.781 133.230 1
	24.207 174.947 126.824 1
	-76.186 143.440 103.167 1
	9.488 52.672 91.009 1
	-33.163 152.246 79.509 1
	-78.037 108.988 176.030 1
	3.060 95.959 174.901 1
	-2.853 101.477 88.533 1
	-21.583 131.293 180.000 1
	39.591 155.925 171.710 1
	-6.119 100.394 99.047 1
	-28.138 142.363 174.391 1
	71.144 24.219 46.782 1
	-11.184 84.712 81.710 1
	81.520 95.369 170.426 1
	-18.592 17.229 109.739 1
	29.055 116.843 94.784 1
	84.912 79.698 0.905 1
	26.236 118.132 84.448 1
	1.163 32.447 88.482 1
	-7.282 34.286 91.100 1
	-7.712 69.540 1.289 1
	-77.114 80.311 2.034 1
	-72.777 83.405 62.556 1
	79.572 3.575 10.348 1
	18.134 103.797 129.855 1
	78.616 88.619 125.054 1
	-72.307 2.865 156.601 1
	78.999 84.030 15.665 1
	-11.047 109.956 179.296 1
	-73.379 80.862 68.789 1
	-87.233 98.893 92.137 1
	16.329 100.755 168.467 1
	84.781 83.703 84.930 1
	-26.545 146.929 175.050 1
	-55.686 6.881 111.051 1
	-88.700 159.849 137.602 1
	86.299 89.290 81.583 1
	-0.298 81.033 1.392 1
	-82.059 88.132 27.869 1
	2.527 21.194 3.014 1
	-81.692 85.680 4.429 1
	-87.548 11.459 37.706 1
	-17.573 42.376 87.869 1
	-80.483 4.910 78.501 1
	-15.602 94.292 100.325 1
	2.527 21.434 0.000 1
	-79.320 32.091 28.843 1
	-5.976 123.530 91.490 1
	8.973 80.323 95.071 1
	-16.811 125.323 91.822 1
	-75.951 89.502 147.640 1
	74.674 88.700 33.868 1
	-0.355 123.323 87.789 1
	19.801 12.857 77.344 1
	14.559 163.923 98.457 1
	35.518 86.958 128.881 1
	-17.991 22.827 91.994 1
	38.394 114.328 165.854 1
	-34.458 73.327 46.152 1
	-13.121 93.553 8.291 1
	77.504 139.383 171.589 1
	-76.186 36.560 76.834 1
	-83.595 95.627 97.959 1
	-76.238 90.894 30.063 1
	29.914 10.038 64.710 1
	-89.811 91.370 169.332 1
	83.526 92.120 51.801 1
	76.530 94.057 73.310 1
	10.279 59.582 10.691 1
	6.108 93.381 177.044 1
	24.207 105.052 93.971 1
	-80.753 80.140 79.527 1
	85.686 91.857 166.920 1
	-89.301 90.986 164.084 1
	69.718 102.388 152.137 1
	7.935 75.900 8.709 1
	-23.342 120.602 97.374 1
	-85.445 84.895 87.198 1
	-27.387 70.783 84.431 1
	12.937 152.418 95.667 1
	69.328 93.134 149.754 1
	44.490 116.093 170.197 1
	-23.783 62.292 83.188 1
	56.700 105.075 162.479 1
	72.514 86.247 1.444 1
	87.198 88.682 87.118 1
	39.643 91.662 57.777 1
	36.492 95.948 141.205 1
	-54.855 6.778 143.297 1
	79.836 89.043 120.464 1
	-5.397 102.284 87.491 1
	-84.402 6.280 44.966 1
	75.917 85.038 123.667 1
	-89.679 90.573 162.267 1
	-13.894 24.162 92.647 1
	87.600 176.826 180.000 1
	17.068 90.441 79.509 1
	-86.694 25.474 42.158 1
	-71.161 19.641 41.631 1
	6.595 123.518 88.499 1
	-1.696 84.064 73.992 1
	-87.634 161.173 144.328 1
	68.801 83.033 102.537 1
	89.399 95.369 89.106 1
	48.999 166.966 124.836 1
	48.530 83.950 28.940 1
	76.679 97.105 169.401 1
	-2.939 94.813 159.368 1
	-35.999 112.409 106.748 1
	-5.374 49.607 89.290 1
	1.536 156.956 88.213 1
	-76.243 89.101 149.943 1
	-8.296 93.472 170.959 1
	-26.557 33.071 4.933 1
	-57.983 48.209 24.465 1
	-65.237 80.942 150.023 1
	-13.510 26.769 96.784 1
	-2.974 74.393 87.737 1
	36.967 39.041 1.289 1
	12.926 27.582 84.334 1
	69.053 80.117 29.863 1
	73.940 85.949 21.761 1
	15.344 69.786 14.060 1
	-75.166 86.528 63.163 1
	-84.803 90.063 156.372 1
	-12.903 101.075 161.878 1
	-27.095 117.141 178.671 1
	69.872 86.196 29.444 1
	38.205 80.558 34.578 1
	-7.683 55.835 0.000 1
	-17.985 93.375 175.846 1
	16.255 5.265 70.777 1
	-79.578 97.924 100.176 1
	-85.142 88.682 53.904 1
	-66.773 71.963 3.249 1
	-89.685 173.028 143.308 1
	-40.651 6.749 42.863 1
	28.424 48.770 0.000 1
	66.400 78.931 22.431 1
	-5.220 106.656 92.945 1
	70.583 89.697 168.146 1
	68.400 103.356 162.989 1
	71.230 87.256 30.206 1
	78.828 7.431 0.000 1
	23.010 63.644 11.070 1
	29.828 118.963 174.093 1
	-35.861 70.869 71.711 1
	65.850 122.390 83.039 1
	-73.379 39.442 6.566 1
	44.272 46.942 90.814 1
	39.609 146.637 177.766 1
	80.208 90.579 51.016 1
	-62.596 145.319 162.995 1
	-79.836 18.317 40.898 1
	-86.895 95.707 98.600 1
	-15.550 142.099 88.688 1
	-80.627 92.664 25.245 1
	-3.678 124.991 91.547 1
	-1.793 84.139 1.261 1
	74.748 79.383 17.607 1
	-23.314 105.797 89.422 1
	54.173 45.310 2.710 1
	-16.994 47.212 2.888 1
	-49.114 43.149 89.685 1
	14.433 168.169 112.071 1
	-88.585 19.721 41.264 1
	19.630 172.025 82.145 1
	-87.359 91.547 169.263 1
	-9.597 128.973 180.000 1
	-58.396 155.982 71.047 1
	4.830 75.693 92.521 1
	70.669 76.868 18.604 1
	83.314 111.738 164.256 1
	78.942 79.429 13.768 1
	-31.255 173.927 151.788 1
	-9.156 76.140 82.374 1
	78.913 42.983 7.454 1
	-89.032 90.453 27.032 1
	39.643 35.283 3.157 1
	19.079 74.559 19.612 1
	-84.952 5.999 112.248 1
	2.550 158.807 177.004 1
	-89.227 95.014 170.873 1
	84.196 85.955 7.655 1
	60.395 11.064 31.702 1
	-36.996 16.713 117.342 1
	-58.591 21.790 108.535 1
	74.674 91.301 146.133 1
	-6.727 98.703 180.000 1
	-0.476 92.286 94.005 1
	88.379 102.296 111.641 1
	52.466 140.667 177.428 1
	31.301 87.502 115.182 1
	78.999 95.976 164.336 1
	11.597 126.721 87.216 1
	-9.391 143.606 87.943 1
	21.154 122.475 82.368 1
	81.320 172.294 180.000 1
	-70.846 95.140 33.243 1
	89.124 90.453 152.963 1
	-13.659 80.873 13.052 1
	-24.334 37.070 3.226 1
	33.002 168.839 132.749 1
	8.331 123.295 178.087 1
	12.496 37.317 87.800 1
	52.288 72.376 22.718 1
	-11.849 52.093 87.983 1
	85.892 175.881 171.698 1
	34.612 10.520 80.122 1
	-84.127 90.808 128.480 1
	76.536 154.045 124.171 1
	-86.734 81.624 2.200 1
	-22.322 44.015 5.506 1
	61.547 169.189 146.855 1
	7.259 90.046 78.283 1
	-0.006 156.847 90.149 1
	22.030 23.371 73.728 1
	15.659 129.087 179.410 1
	-87.880 170.329 116.757 1
	-48.730 163.585 141.572 1
	64.297 79.532 20.753 1
	52.288 107.624 157.283 1
	75.166 81.085 21.446 1
	-5.970 56.471 88.511 1
	74.874 89.788 146.276 1
	29.141 58.871 94.366 1
	-35.140 15.115 110.558 1
	-75.172 93.467 116.838 1
	63.994 15.894 41.001 1
	17.515 58.035 0.000 1
	83.744 94.452 79.572 1
	-0.006 23.153 89.851 1
	-78.025 92.842 18.747 1
	-67.752 159.615 138.409 1
	-48.174 37.053 10.222 1
	12.576 142.013 92.206 1
	74.038 57.004 88.476 1
	35.168 26.683 74.960 1
	-85.743 97.208 174.723 1
	-15.900 151.536 88.568 1
	-89.914 83.045 90.487 1
	-88.299 84.282 2.160 1
	83.056 82.798 8.314 1
	22.248 168.965 104.972 1
	87.542 97.661 102.044 1
	-12.662 155.415 89.691 1
	-89.049 79.584 28.596 1
	69.397 4.039 23.308 1
	-71.889 94.274 34.526 1
	-0.773 65.140 0.000 1
	13.344 54.838 2.756 1
	-48.764 46.994 88.912 1
	-85.073 93.140 15.791 1
	-81.606 85.279 80.352 1
	6.589 88.442 100.096 1
	19.784 167.143 102.645 1
	67.557 36.606 7.231 1
	-79.813 161.683 139.091 1
	-12.433 86.780 159.723 1
	-87.302 18.862 35.323 1
	-46.049 64.910 77.126 1
	-36.996 163.287 62.659 1
	63.283 97.409 159.466 1
	6.096 86.620 2.968 1
	-88.952 90.682 171.246 1
	31.186 109.080 164.823 1
	-10.691 55.978 88.734 1
	-36.933 100.027 115.841 1
	28.402 92.223 64.269 1
	20.128 110.294 166.977 1
	-12.450 72.903 81.641 1
	-29.771 50.850 86.769 1
	24.122 67.706 101.442 1
	-2.865 122.814 91.318 1
	-20.214 34.246 3.570 1
	69.781 26.889 46.438 1
	-21.904 66.091 76.392 1
	58.763 174.317 147.273 1
	-3.363 57.021 86.557 1
	73.940 94.051 158.239 1
	47.361 88.528 129.064 1
	8.382 142.271 91.559 1
	4.876 114.397 178.041 1
	-82.059 26.408 37.976 1
	59.696 152.476 122.636 1
	-4.973 73.304 87.107 1
	37.689 134.995 90.877 1
	-12.158 130.262 90.877 1
	-8.669 146.666 88.321 1
	-28.287 64.211 0.000 1
	-83.468 82.598 141.337 1
	28.442 131.230 179.771 1
	8.010 83.956 31.742 1
	84.196 94.045 172.346 1
	85.972 89.788 57.525 1
	85.783 89.909 117.176 1
	-15.819 125.094 94.836 1
	35.162 153.312 105.023 1
	12.565 23.182 82.105 1
	-50.185 84.528 61.278 1
	18.719 98.509 147.949 1
	89.920 89.215 72.267 1
	-22.494 48.650 87.290 1
	-7.976 82.237 80.443 1
	60.338 80.678 119.061 1
	-70.835 116.608 159.506 1
	36.795 156.521 114.523 1
	-10.118 106.891 99.993 1
	76.243 81.194 1.644 1
	-67.523 21.910 39.173 1
	-76.822 91.570 124.452 1
	-73.889 58.258 82.242 1
	-60.699 131.035 150.843 1
	44.530 63.896 9.838 1
	83.188 89.187 106.226 1
	-54.866 175.881 129.156 1
	-82.363 98.715 156.337 1
	20.346 107.046 165.413 1
	12.198 87.204 1.209 1
	20.346 72.960 14.588 1
	-52.523 22.827 109.040 1
	84.145 149.044 144.065 1
	90.000 84.391 180.000 1
	8.142 121.799 178.390 1
	58.980 130.228 170.782 1
	-48.764 133.006 91.089 1
	-23.245 121.312 100.554 1
	-87.370 88.453 10.731 1
	15.510 54.586 90.613 1
	-74.828 26.373 32.091 1
	85.382 18.157 13.178 1
	-88.436 88.568 9.374 1
	-88.843 89.502 82.987 1
	-32.131 92.836 132.153 1
	57.972 99.952 63.260 1
	-89.032 89.548 152.968 1
	-79.097 100.210 179.175 1
	84.053 89.210 128.497 1
	-28.287 97.403 127.409 1
	-78.524 155.088 152.424 1
	-71.242 68.222 13.207 1
	27.811 113.022 81.257 1
	54.964 95.483 150.350 1
	38.394 65.678 14.135 1
	74.656 105.270 168.077 1
	69.872 93.805 150.556 1
	-26.299 71.287 87.766 1
	81.778 174.122 168.685 1
	85.187 89.731 58.562 1
	-34.893 94.154 128.257 1
	-82.420 88.975 174.340 1
	3.753 124.996 88.447 1
	-61.066 95.627 27.783 1
	79.836 90.957 59.536 1
	23.142 75.252 85.445 1
	-85.445 95.105 92.808 1
	-73.780 93.312 118.155 1
	-73.883 121.742 97.752 1
	-59.049 19.647 31.186 1
	3.512 65.220 0.831 1
	3.661 97.506 95.959 1
	85.772 90.092 62.825 1
	89.754 94.704 3.747 1
	-10.508 52.855 0.000 1
	-88.946 87.124 101.626 1
	89.124 89.548 27.038 1
	-20.254 77.515 36.566 1
	7.935 104.101 171.291 1
	38.090 90.785 57.233 1
	-68.256 102.691 177.296 1
	-79.779 92.527 124.441 1
	-5.162 33.014 92.051 1
	84.689 94.676 163.270 1
	-8.004 75.327 86.637 1
	1.656 114.168 177.474 1
	-15.539 37.901 91.312 1
	22.282 131.196 88.499 1
	-80.008 90.613 128.973 1
	84.803 85.331 98.898 1
	-80.048 93.461 106.553 1
	1.467 101.895 88.465 1
	74.565 101.792 171.395 1
	-79.590 85.399 74.129 1
	-0.728 101.786 91.295 1
	78.295 171.521 161.087 1
	-84.127 89.192 51.520 1
	9.557 100.715 177.886 1
	-71.603 88.837 147.067 1
	-77.177 89.656 38.864 1
	-8.377 82.197 80.357 1
	19.125 50.753 90.562 1
	3.753 55.004 91.553 1
	-26.327 135.476 94.108 1
	-13.619 93.312 36.921 1
	89.462 83.090 11.786 1
	-56.694 138.260 176.454 1
	87.875 17.447 2.767 1
	-87.594 89.273 6.635 1
	64.716 75.046 24.248 1
	64.830 155.959 134.296 1
	0.395 144.231 89.771 1
	-77.498 89.507 152.980 1
	-23.635 128.148 95.363 1
	-9.803 54.133 87.943 1
	17.693 164.817 105.871 1
	87.324 91.244 96.870 1
	-73.419 24.740 34.045 1
	66.125 85.732 29.937 1
	85.193 80.409 89.714 1
	-16.805 54.677 88.178 1
	-8.130 126.068 180.000 1
	26.969 175.285 111.274 1
	2.893 121.415 174.506 1
	89.038 86.964 89.777 1
	81.538 92.974 53.898 1
	-89.886 88.608 10.674 1
	30.327 170.191 121.696 1
	-13.218 114.861 180.000 1
	81.710 29.868 31.673 1
	0.401 90.991 174.328 1
	-82.999 89.782 52.105 1
	-61.324 158.870 69.437 1
	-87.473 81.881 11.230 1
	-89.158 164.152 139.870 1
	4.251 58.287 89.490 1
	-74.817 153.627 147.898 1
	-10.073 10.863 68.423 1
	0.395 89.015 5.684 1
	-89.043 82.626 16.576 1
	29.055 63.163 85.199 1
	-17.544 146.763 177.823 1
	-34.979 81.062 58.092 1
	79.779 89.038 128.738 1
	-78.438 88.637 54.803 1
	3.770 99.385 89.135 1
	65.586 176.110 154.951 1
	65.529 174.311 92.779 1
	-36.933 79.968 64.160 1
	-11.998 107.819 96.807 1
	26.717 143.291 178.310 1
	-83.348 94.171 163.259 1
	50.672 85.302 115.107 1
	51.801 164.702 153.874 1
	16.100 126.870 178.081 1
	-74.863 98.554 112.397 1
	-9.488 88.224 8.354 1
	-3.965 59.519 1.341 1
	84.912 88.677 126.160 1
	-47.510 157.162 79.372 1
	-2.934 85.182 20.632 1
	-78.489 108.873 176.700 1
	-77.017 148.127 155.146 1
	20.879 25.348 70.623 1
	-39.208 19.160 116.654 1
	4.297 121.169 175.657 1
	-50.180 95.472 118.723 1
	18.587 73.167 91.857 1
	-89.250 92.074 180.000 1
