This file is created by TexTools software, Resmat Corp.
ODF file name: file Created at Texture lab IITK

B 1000 0
	28.109 124.464 123.495 1
	24.288 129.328 126.452 1
	-30.693 121.610 148.436 1
	-87.869 62.647 43.659 1
	-84.425 104.296 119.061 1
	-43.407 110.913 66.732 1
	88.940 112.305 178.476 1
	26.207 113.612 115.990 1
	-17.194 135.751 139.521 1
	-84.660 117.095 139.492 1
	-34.446 50.655 35.661 1
	-25.118 112.277 155.535 1
	-46.553 108.283 71.402 1
	88.889 62.630 45.544 1
	39.081 119.393 120.848 1
	78.106 116.981 128.692 1
	7.156 149.594 45.980 1
	-79.080 117.004 141.137 1
	-55.531 87.880 180.000 1
	26.436 126.561 34.761 1
	15.052 23.130 34.864 1
	27.342 145.291 134.318 1
	-41.379 84.924 95.243 1
	18.323 45.819 50.581 1
	-11.224 38.182 43.235 1
	-30.928 124.710 146.362 1
	-71.184 64.343 122.722 1
	-45.367 91.375 178.494 1
	84.402 115.084 120.906 1
	-25.628 151.771 134.559 1
	8.348 28.740 37.070 1
	-23.125 47.378 38.142 1
	-87.456 63.879 32.962 1
	86.941 79.509 0.000 1
	14.588 23.938 42.279 1
	88.258 117.325 136.570 1
	-42.376 73.321 107.286 1
	21.749 48.661 52.386 1
	-7.706 72.840 55.073 1
	-25.181 128.606 143.996 1
	-4.927 40.267 43.820 1
	23.881 55.926 146.820 1
	-69.849 164.278 20.856 1
	-42.943 111.257 66.417 1
	-41.436 115.783 152.945 1
	25.835 124.131 122.980 1
	72.370 64.756 59.003 1
	34.337 115.113 116.820 1
	64.337 113.921 117.262 1
	27.559 126.859 125.008 1
	-60.401 66.394 26.070 1
	26.574 53.457 145.296 1
	-73.619 100.508 99.311 1
	71.385 115.995 123.524 1
	1.644 35.128 44.404 1
	-85.021 117.124 139.137 1
	37.609 112.260 114.414 1
	26.711 127.357 125.294 1
	3.363 31.037 42.960 1
	-27.909 68.428 23.944 1
	-74.370 145.388 114.563 1
	83.394 62.756 48.552 1
	-90.000 117.216 133.425 1
	86.889 117.330 133.075 1
	6.795 153.398 134.995 1
	18.008 45.533 50.598 1
	38.600 115.726 117.600 1
	26.534 125.907 124.349 1
	71.167 115.359 121.347 1
	-23.892 129.511 143.509 1
	48.650 54.471 51.068 1
	-23.961 57.886 32.011 1
	28.298 112.380 24.053 1
	0.458 17.704 134.880 1
	19.555 41.373 48.444 1
	11.001 34.039 135.235 1
	36.876 108.776 109.704 1
	-25.520 121.656 148.465 1
	47.916 93.747 4.022 1
	75.665 64.034 56.494 1
	31.622 56.620 57.164 1
	-30.974 124.040 146.694 1
	19.291 49.217 51.452 1
	32.985 122.349 122.120 1
	84.408 62.951 50.506 1
	-84.987 117.067 50.094 1
	48.277 70.588 69.173 1
	-31.203 60.338 30.201 1
	-46.369 86.952 93.684 1
	-0.905 15.252 45.315 1
	77.521 141.016 150.940 1
	-29.525 125.718 145.720 1
	35.741 122.304 121.799 1
	-46.564 81.286 98.411 1
	-29.547 57.943 31.983 1
	88.092 117.359 133.935 1
	47.550 109.446 110.816 1
	32.624 21.813 35.947 1
	20.094 135.396 130.199 1
	-25.113 49.910 37.191 1
	-31.295 124.555 146.385 1
	31.341 124.515 123.558 1
	16.278 26.161 40.754 1
	78.822 116.992 128.870 1
	39.746 62.699 61.140 1
	7.299 31.719 44.152 1
	-82.603 63.650 36.222 1
	-76.421 63.025 38.360 1
	-41.688 75.734 14.799 1
	-87.084 62.716 42.135 1
	-45.338 92.899 87.090 1
	-25.714 55.279 33.593 1
	-28.333 120.877 149.095 1
	-30.636 55.766 33.409 1
	-48.816 76.673 102.823 1
	-27.038 127.122 144.895 1
	-37.701 89.760 89.616 1
	-25.657 54.133 34.360 1
	-78.409 85.084 91.140 1
	-44.834 88.167 92.401 1
	-24.018 125.615 145.967 1
	16.129 42.978 49.320 1
	2.217 29.691 44.347 1
	-46.610 79.899 99.952 1
	24.225 44.782 50.271 1
	-23.359 136.782 139.664 1
	42.949 115.823 117.852 1
	-31.983 54.293 34.332 1
	-52.792 89.370 91.198 1
	22.752 48.530 52.196 1
	2.550 76.054 57.107 1
	-21.698 150.711 134.084 1
	-17.441 44.886 39.729 1
	-31.123 124.080 146.786 1
	32.515 116.219 118.138 1
	-42.966 88.751 91.175 1
	-37.282 67.105 23.892 1
	-21.211 131.351 142.363 1
	28.791 125.145 123.914 1
	-27.393 53.027 35.065 1
	-60.774 117.021 147.290 1
	46.633 90.080 179.410 1
	-89.078 169.956 0.000 1
	-25.663 128.239 144.231 1
	-34.274 61.742 29.347 1
	-10.365 30.877 135.923 1
	85.142 62.779 48.770 1
	-25.926 127.592 144.603 1
	-23.887 59.141 31.369 1
	50.437 92.206 180.000 1
	58.923 68.319 67.156 1
	-22.855 130.256 142.987 1
	-0.493 67.294 36.818 1
	29.885 19.882 32.710 1
	-23.623 129.517 143.492 1
	88.379 62.641 45.625 1
	23.869 50.627 53.446 1
	-87.852 117.353 136.347 1
	57.450 88.207 1.965 1
	5.174 176.505 77.951 1
	-11.648 103.596 122.498 1
	-25.634 58.310 31.495 1
	1.553 152.023 135.476 1
	25.966 124.928 33.827 1
	-47.407 93.931 86.138 1
	-83.325 117.204 139.068 1
	81.704 117.273 129.930 1
	84.987 62.871 48.971 1
	-28.258 123.117 147.554 1
	-25.411 51.572 35.947 1
	-24.672 133.619 141.223 1
	-14.272 41.133 41.637 1
	21.549 131.987 37.838 1
	-22.506 49.641 37.076 1
	43.665 91.507 1.547 1
	88.001 117.542 135.992 1
	43.035 88.476 177.829 1
	25.130 130.016 127.191 1
	-28.877 53.342 34.733 1
	-34.217 66.119 25.737 1
	-14.868 101.568 176.431 1
	-23.749 46.650 38.743 1
	-33.908 63.896 27.267 1
	26.402 53.978 145.491 1
	59.513 65.959 61.937 1
	-47.452 93.661 175.761 1
	4.652 28.768 42.703 1
	81.658 115.846 124.051 1
	-45.510 73.585 18.083 1
	-85.021 62.951 39.425 1
	47.217 71.007 70.485 1
	-23.847 50.455 36.583 1
	4.778 27.714 42.359 1
	-48.908 92.155 176.838 1
	57.439 88.894 1.272 1
	-22.592 14.685 38.245 1
	-13.081 37.666 43.241 1
	-29.341 125.340 145.950 1
	-63.386 66.916 24.614 1
	74.502 68.904 157.712 1
	-32.292 124.928 146.202 1
	-15.378 44.416 40.015 1
	-86.259 116.889 50.002 1
	-15.378 41.012 41.631 1
	83.050 117.594 132.330 1
	46.100 79.400 169.223 1
	-50.260 74.152 16.776 1
	26.276 53.440 145.222 1
	12.599 132.204 127.850 1
	-22.741 60.630 120.241 1
	-34.526 72.067 107.132 1
	-70.073 71.711 108.828 1
	-67.294 95.839 1.885 1
	87.072 117.187 130.468 1
	-88.637 117.359 135.613 1
	26.259 53.961 145.440 1
	64.910 85.405 1.507 1
	-86.328 62.716 42.330 1
	10.720 110.438 25.903 1
	-45.344 100.617 78.988 1
	-5.306 34.761 45.201 1
	-47.922 72.983 107.361 1
	-64.194 64.320 30.539 1
	25.605 129.700 127.025 1
	-75.138 116.574 145.107 1
	46.347 90.275 0.481 1
	-11.104 144.236 135.762 1
	20.529 46.547 50.747 1
	8.165 24.316 42.118 1
	-51.377 87.370 93.472 1
	19.612 134.765 129.551 1
	26.557 127.403 125.329 1
	14.026 24.099 40.004 1
	87.852 62.510 44.261 1
	70.772 115.228 122.074 1
	46.496 95.214 5.122 1
	62.470 113.514 116.723 1
	-70.892 64.114 33.146 1
	0.292 146.007 134.972 1
	-27.141 125.844 145.778 1
	-10.038 10.044 46.352 1
	16.977 31.919 43.860 1
	-6.618 66.818 126.452 1
	79.888 115.285 119.954 1
	-89.570 117.554 137.315 1
	46.318 96.039 95.787 1
	-30.596 54.236 34.257 1
	89.381 117.559 133.631 1
	49.154 91.364 2.429 1
	1.473 2.521 51.073 1
	1.782 33.696 44.284 1
	45.900 83.411 173.967 1
	28.035 29.599 41.986 1
	-24.150 147.686 134.467 1
	18.180 47.613 51.291 1
	31.215 54.620 145.932 1
	-72.244 116.351 146.454 1
	50.575 91.037 91.318 1
	-5.197 82.947 77.154 1
	17.000 44.467 50.099 1
	-57.107 88.459 92.515 1
	-84.190 62.962 130.205 1
	72.284 57.267 19.830 1
	67.901 65.220 60.441 1
	-66.910 117.078 145.451 1
	46.553 90.075 179.405 1
	43.734 87.622 177.829 1
	-86.631 117.330 137.115 1
	-29.908 58.591 31.003 1
	27.026 125.988 124.343 1
	76.238 116.923 126.177 1
	8.617 28.848 43.167 1
	-86.952 62.641 43.276 1
	-22.878 132.221 141.887 1
	-68.440 115.124 149.456 1
	10.863 145.995 44.702 1
	-89.914 117.330 136.536 1
	-81.022 117.141 139.853 1
	-47.309 96.732 82.844 1
	-16.513 136.226 139.716 1
	-30.796 72.473 108.077 1
	-37.002 57.450 32.412 1
	29.232 55.296 55.663 1
	45.562 96.606 6.692 1
	-10.961 72.181 54.442 1
	-73.975 63.604 35.317 1
	-18.289 128.543 143.715 1
	-78.954 114.729 57.937 1
	39.053 120.590 121.605 1
	-45.115 99.231 80.472 1
	14.330 126.400 123.839 1
	74.227 111.011 22.185 1
	13.654 1.398 11.562 1
	78.810 65.191 57.937 1
	33.466 119.674 120.378 1
	-26.786 52.729 35.237 1
	6.343 153.478 45.533 1
	-25.302 51.572 35.839 1
	-87.021 62.768 46.364 1
	14.060 42.089 48.656 1
	22.855 115.101 116.408 1
	27.044 27.886 41.196 1
	25.972 127.374 125.271 1
	89.347 62.636 45.252 1
	-18.042 134.742 140.535 1
	-33.329 59.146 31.008 1
	-24.018 55.623 33.254 1
	55.949 111.904 112.999 1
	-80.799 117.158 139.475 1
	71.402 64.005 56.471 1
	-78.295 163.895 115.291 1
	31.914 19.905 31.942 1
	-36.303 65.970 115.869 1
	-87.628 62.670 42.983 1
	-67.002 114.248 152.229 1
	-23.010 119.513 59.702 1
	70.239 65.976 61.513 1
	81.578 62.831 49.572 1
	-16.553 41.906 40.881 1
	-27.342 52.575 35.180 1
	79.555 116.941 128.589 1
	-83.468 62.750 41.499 1
	-4.841 73.373 34.131 1
	-24.884 67.695 24.488 1
	89.347 108.724 177.921 1
	-28.419 2.962 100.164 1
	-64.360 112.615 154.991 1
	-22.168 130.738 142.724 1
	77.687 63.363 53.526 1
	-80.031 116.866 141.939 1
	90.000 115.818 125.077 1
	-74.851 110.644 158.222 1
	47.888 88.339 1.662 1
	15.659 22.884 36.159 1
	80.180 62.338 43.304 1
	-26.052 118.195 61.931 1
	81.732 116.923 129.683 1
	-22.271 49.693 37.053 1
	77.733 58.402 108.891 1
	-15.699 33.965 44.845 1
	-27.937 124.572 146.505 1
	71.963 64.544 58.344 1
	-45.837 105.058 163.499 1
	8.709 147.279 135.252 1
	-13.270 143.784 136.215 1
	76.370 116.471 125.759 1
	31.983 66.102 155.879 1
	-26.494 124.905 146.339 1
	-76.037 144.425 116.098 1
	-83.314 62.796 40.944 1
	-28.934 139.257 138.495 1
	30.269 22.168 36.996 1
	0.390 33.340 45.086 1
	23.955 55.336 146.276 1
	-49.945 69.935 21.486 1
	20.615 47.424 51.612 1
	-17.257 135.762 139.750 1
	45.539 88.224 178.064 1
	-79.240 114.746 150.195 1
	69.431 68.692 67.821 1
	-10.703 73.092 23.084 1
	-46.725 103.860 75.653 1
	24.683 126.904 125.002 1
	38.709 113.812 115.743 1
	-4.395 144.769 135.401 1
	-0.160 160.594 45.092 1
	30.172 117.869 118.642 1
	-18.409 46.421 38.881 1
	45.842 95.111 5.220 1
	21.262 47.727 51.669 1
	-33.833 111.188 157.970 1
	-27.382 141.286 137.109 1
	-23.182 119.536 149.674 1
	49.217 87.886 0.000 1
	28.195 121.077 120.785 1
	-46.931 75.396 15.269 1
	-25.296 50.266 36.704 1
	-82.449 62.859 40.313 1
	-66.538 55.789 67.162 1
	-30.069 54.998 33.873 1
	-20.649 50.924 36.177 1
	-17.017 146.121 135.166 1
	-28.866 124.676 146.442 1
	-22.122 130.944 142.603 1
	36.440 118.522 120.063 1
	71.969 115.462 121.662 1
	34.395 110.088 111.274 1
	75.900 67.466 64.515 1
	67.620 116.179 121.003 1
	74.966 116.689 126.698 1
	10.686 78.071 32.229 1
	-29.490 54.253 34.355 1
	78.111 40.439 28.734 1
	-14.759 142.850 136.593 1
	6.566 27.204 43.911 1
	-44.462 91.708 177.972 1
	-87.800 62.687 42.955 1
	-86.419 117.319 137.200 1
	-41.568 113.549 154.504 1
	-9.929 36.601 43.768 1
	23.239 136.209 130.864 1
	-34.842 123.037 147.365 1
	87.468 117.353 133.831 1
	15.819 142.970 43.442 1
	-13.149 143.503 135.843 1
	21.142 43.963 49.618 1
	-65.203 114.190 152.739 1
	-16.547 43.780 40.302 1
	-80.134 116.654 143.555 1
	46.983 92.212 1.581 1
	3.002 31.518 43.321 1
	46.387 84.030 84.276 1
	88.998 62.619 45.310 1
	-85.434 62.750 42.095 1
	4.120 30.212 42.657 1
	3.799 172.535 139.028 1
	20.604 130.273 127.202 1
	-26.098 55.932 33.008 1
	44.507 91.954 1.707 1
	-24.626 127.437 144.403 1
	-87.995 100.451 104.158 1
	89.874 63.827 40.382 1
	-87.645 61.501 42.238 1
	-27.055 54.167 34.234 1
	-80.793 141.887 114.718 1
	22.821 49.034 52.300 1
	48.890 95.655 5.982 1
	14.989 43.172 49.314 1
	54.769 107.693 17.779 1
	28.465 108.564 20.323 1
	64.979 75.344 164.107 1
	-25.577 29.118 45.630 1
	50.036 87.754 178.178 1
	86.534 62.664 46.759 1
	28.757 125.363 124.590 1
	-44.439 97.947 81.692 1
	63.123 114.076 117.611 1
	-72.456 116.207 145.611 1
	28.052 128.320 125.822 1
	78.828 63.008 51.131 1
	1.684 111.864 122.241 1
	26.499 126.372 34.618 1
	-17.504 54.408 33.701 1
	-69.746 110.913 158.303 1
	-56.184 113.973 153.346 1
	75.264 116.626 126.435 1
	-27.731 54.626 34.057 1
	-87.376 117.336 136.874 1
	-25.812 55.056 32.985 1
	1.805 8.657 36.285 1
	89.548 99.918 179.743 1
	-87.731 117.353 136.352 1
	-81.520 117.279 139.223 1
	18.020 45.229 50.145 1
	0.751 173.824 133.809 1
	76.633 63.255 52.804 1
	-86.379 112.718 89.433 1
	61.645 66.377 63.489 1
	-7.454 36.830 44.089 1
	-32.578 55.422 33.593 1
	-40.531 87.909 1.650 1
	24.408 129.099 126.326 1
	-62.561 66.841 25.829 1
	18.518 45.275 50.019 1
	82.162 63.358 53.211 1
	5.667 28.808 43.430 1
	40.394 114.844 116.958 1
	22.678 131.746 127.844 1
	-3.994 168.851 137.567 1
	8.491 30.155 43.476 1
	-38.996 103.860 165.092 1
	81.263 117.153 130.239 1
	-42.502 92.069 179.582 1
	1.604 14.645 134.072 1
	62.659 69.294 66.853 1
	23.205 130.961 127.397 1
	-84.276 73.213 96.406 1
	42.410 111.773 114.047 1
	9.397 29.313 39.958 1
	46.627 89.920 0.590 1
	-34.223 59.307 32.200 1
	43.837 88.476 178.299 1
	-44.971 109.670 159.511 1
	75.997 116.769 127.214 1
	71.442 64.584 148.413 1
	-79.664 116.803 142.283 1
	-35.586 122.733 147.857 1
	46.765 79.194 169.395 1
	-79.779 78.845 176.093 1
	-20.942 132.279 141.813 1
	61.960 65.346 61.771 1
	87.422 117.302 132.348 1
	-13.115 149.691 136.519 1
	-44.633 88.270 2.068 1
	3.226 28.562 135.430 1
	80.764 117.193 130.629 1
	16.811 36.566 45.980 1
	76.713 63.226 52.701 1
	-60.934 87.433 89.731 1
	-0.837 13.717 135.533 1
	-51.091 113.572 154.143 1
	-46.805 102.044 77.773 1
	-86.356 102.760 6.984 1
	89.118 117.554 133.425 1
	-27.067 127.386 144.666 1
	75.676 115.967 123.507 1
	-58.671 114.357 152.647 1
	26.482 54.225 145.818 1
	21.818 40.485 137.458 1
	48.140 72.691 72.399 1
	-21.738 45.653 38.669 1
	86.540 117.336 133.247 1
	-33.770 122.550 148.832 1
	-23.543 65.306 26.293 1
	-38.858 115.067 153.369 1
	24.385 133.293 128.709 1
	24.528 119.588 119.634 1
	-72.703 116.981 142.076 1
	73.499 66.595 64.074 1
	-70.090 108.278 71.207 1
	81.681 62.865 44.026 1
	75.900 112.540 115.497 1
	70.720 113.010 116.883 1
	-31.908 125.770 145.697 1
	-1.833 19.475 46.925 1
	-43.413 69.082 113.268 1
	-82.706 116.975 50.615 1
	-23.606 49.819 36.904 1
	-62.762 64.635 29.525 1
	-25.422 51.526 35.987 1
	-73.539 115.818 147.061 1
	86.562 117.302 132.474 1
	-47.968 83.383 96.618 1
	-26.138 52.202 35.529 1
	-75.613 63.736 34.973 1
	19.836 45.659 50.552 1
	-76.106 116.757 144.191 1
	-22.546 52.047 35.959 1
	-17.349 138.071 138.736 1
	85.187 117.262 131.872 1
	42.491 88.562 178.425 1
	86.774 62.693 47.504 1
	-0.201 32.521 44.358 1
	-26.224 122.676 147.972 1
	-9.620 154.848 135.419 1
	26.322 126.538 34.710 1
	-24.328 68.371 23.285 1
	-23.571 27.892 45.825 1
	-56.688 92.584 0.350 1
	-22.787 44.393 39.517 1
	-36.383 62.882 28.367 1
	-18.466 134.605 140.598 1
	60.229 65.237 61.255 1
	-24.964 129.918 142.896 1
	61.043 110.289 111.572 1
	85.182 117.325 132.697 1
	-73.046 56.448 84.271 1
	88.046 62.705 45.241 1
	82.265 62.962 43.946 1
	47.005 94.458 4.028 1
	-76.839 141.257 118.705 1
	-72.451 63.787 34.423 1
	30.453 123.134 122.636 1
	-27.651 53.222 34.933 1
	71.540 144.093 153.507 1
	30.115 124.905 123.782 1
	-54.282 74.863 105.734 1
	-73.975 116.391 144.718 1
	88.969 62.647 45.642 1
	-89.164 62.647 44.387 1
	-25.136 159.426 47.166 1
	5.970 176.631 140.701 1
	-36.520 116.631 151.502 1
	-33.908 118.906 150.379 1
	-5.191 139.320 135.797 1
	-88.963 117.359 135.739 1
	-32.435 128.125 144.466 1
	34.418 22.139 34.922 1
	-3.123 157.873 133.230 1
	29.376 125.277 124.028 1
	-63.358 106.994 162.921 1
	77.332 67.288 64.916 1
	1.696 33.220 43.419 1
	71.156 68.669 67.678 1
	24.288 132.342 128.165 1
	-85.296 62.905 39.941 1
	51.692 172.695 136.696 1
	30.487 124.458 123.490 1
	-71.614 64.154 33.134 1
	36.658 91.639 1.799 1
	-21.572 40.279 41.368 1
	-6.635 149.427 133.952 1
	-87.594 173.996 5.351 1
	25.038 115.972 116.941 1
	56.454 95.569 178.562 1
	-23.423 65.953 25.118 1
	-70.480 57.903 73.430 1
	-33.352 120.837 148.906 1
	85.961 117.279 135.642 1
	34.842 121.868 121.868 1
	16.965 26.081 40.703 1
	15.521 42.880 48.879 1
	25.439 129.328 126.440 1
	67.895 114.781 119.559 1
	-75.287 116.717 141.927 1
	50.168 91.341 91.994 1
	25.285 33.885 44.920 1
	-73.407 111.521 157.328 1
	-14.232 105.602 36.171 1
	-19.532 47.412 38.331 1
	35.959 63.037 61.198 1
	34.968 18.965 31.203 1
	-44.376 116.809 151.834 1
	32.613 18.741 30.991 1
	36.847 90.121 89.582 1
	32.252 18.719 31.266 1
	-31.272 120.430 149.651 1
	46.352 89.731 179.525 1
	40.623 92.177 1.312 1
	-23.170 49.916 36.910 1
	86.385 114.970 121.811 1
	-26.471 30.711 45.476 1
	24.500 122.292 31.186 1
	-26.665 52.798 125.117 1
	-28.344 120.436 149.387 1
	76.633 116.746 127.202 1
	48.214 71.465 70.680 1
	9.809 34.544 45.206 1
	-76.083 64.045 37.729 1
	28.430 71.425 159.638 1
	8.027 27.932 42.130 1
	31.215 125.031 123.868 1
	1.960 146.654 135.086 1
	-25.909 123.793 147.061 1
	25.628 34.670 44.685 1
	-24.104 32.321 45.550 1
	48.615 114.821 117.456 1
	-26.923 54.047 34.389 1
	-42.238 56.683 31.902 1
	-22.592 114.425 153.788 1
	-88.728 117.370 136.341 1
	85.073 117.124 130.938 1
	14.215 35.953 136.221 1
	-14.920 37.156 43.430 1
	30.057 123.793 122.682 1
	57.880 67.913 66.629 1
	2.384 31.209 44.055 1
	-44.267 92.200 178.625 1
	75.413 67.151 61.192 1
	0.212 161.660 45.023 1
	57.473 74.994 74.502 1
	82.494 117.256 131.545 1
	23.486 131.087 127.437 1
	-25.892 52.231 35.483 1
	66.377 65.048 60.986 1
	-34.234 61.215 29.542 1
	75.860 38.067 26.935 1
	40.365 110.627 112.936 1
	14.043 80.191 10.806 1
	81.257 62.848 49.767 1
	49.641 102.852 103.201 1
	-6.423 30.527 46.094 1
	46.599 74.324 163.780 1
	-46.811 77.934 102.250 1
	23.079 34.074 43.470 1
	-76.920 66.022 28.654 1
	16.690 1.094 19.223 1
	86.986 117.325 132.995 1
	-87.187 113.766 121.776 1
	-4.079 119.233 29.868 1
	-87.685 77.848 74.152 1
	-44.456 81.985 98.371 1
	-1.667 32.223 45.195 1
	-0.183 19.383 134.886 1
	30.573 125.054 33.908 1
	10.915 144.460 134.221 1
	-16.782 41.786 41.305 1
	-27.061 127.116 144.895 1
	-32.229 124.939 146.471 1
	16.736 23.577 41.138 1
	47.745 106.977 17.395 1
	-46.284 101.551 78.163 1
	-52.718 87.582 91.106 1
	-89.800 62.458 43.768 1
	61.920 113.291 118.459 1
	-45.086 80.730 99.563 1
	32.120 119.771 120.361 1
	24.471 129.093 126.337 1
	9.213 142.300 134.313 1
	20.099 46.524 51.182 1
	76.364 62.481 50.518 1
	43.379 91.381 1.524 1
	-23.302 135.974 140.128 1
	31.232 125.386 34.114 1
	-49.097 69.391 111.939 1
	-24.339 129.139 143.612 1
	-36.045 59.943 30.665 1
	-75.057 63.214 37.248 1
	87.617 62.641 44.931 1
	-81.016 62.859 40.164 1
	-60.052 114.082 152.997 1
	10.164 177.491 119.805 1
	-35.592 90.321 88.574 1
	-75.120 111.417 157.277 1
	-39.660 53.514 34.727 1
	79.257 114.643 119.427 1
	-23.468 132.640 141.652 1
	14.456 145.772 134.702 1
	3.604 173.022 135.653 1
	16.066 41.052 47.985 1
	-4.601 160.010 132.892 1
	-26.717 127.328 144.718 1
	-14.484 49.790 36.509 1
	22.597 61.455 150.424 1
	-23.113 124.670 146.683 1
	53.577 69.041 158.492 1
	85.760 62.527 45.195 1
	24.517 134.290 129.116 1
	79.721 77.624 1.942 1
	-31.461 123.558 147.153 1
	75.722 116.012 123.283 1
	-28.963 126.326 145.262 1
	48.014 108.851 110.042 1
	-47.779 87.032 3.512 1
	-25.222 52.861 35.105 1
	-26.282 52.202 35.495 1
	30.023 24.694 36.664 1
	-80.197 64.612 32.538 1
	-85.869 62.624 44.610 1
	-31.054 54.695 34.051 1
	-47.492 88.545 1.581 1
	-72.651 63.025 37.907 1
	10.468 29.278 43.402 1
	-28.442 125.942 145.548 1
	-89.072 62.876 40.703 1
	-25.376 57.829 31.461 1
	-87.794 62.664 45.418 1
	82.489 62.745 48.461 1
	19.469 134.445 130.027 1
	45.458 88.935 178.345 1
	-1.415 34.165 44.685 1
	22.867 52.007 54.030 1
	27.393 121.433 120.270 1
	30.670 112.878 115.216 1
	-9.735 115.044 147.703 1
	-25.680 60.607 29.055 1
	-61.793 115.142 145.887 1
	-26.282 30.871 45.418 1
	-29.622 89.834 91.702 1
	-74.645 68.342 23.789 1
	-41.282 92.653 87.468 1
	-26.058 127.890 144.425 1
	-90.000 67.701 72.158 1
	25.944 127.793 35.546 1
	73.975 122.699 165.178 1
	57.892 112.093 113.377 1
	-17.189 134.307 140.558 1
	-83.978 63.128 38.394 1
	28.212 35.415 44.857 1
	-26.482 32.521 135.184 1
	25.772 49.251 52.225 1
	-0.636 165.287 44.662 1
	10.806 35.288 45.510 1
	-88.917 62.641 44.267 1
	-45.132 100.669 78.530 1
	-18.501 45.395 39.397 1
	-46.891 104.124 75.539 1
	-45.808 79.996 100.107 1
	34.589 118.522 119.582 1
	-43.373 86.156 94.126 1
	-33.358 114.987 153.822 1
	83.400 117.244 131.448 1
	4.498 35.128 45.029 1
	86.837 62.670 46.931 1
	-32.538 179.479 95.237 1
	22.139 47.533 51.429 1
	15.911 40.233 46.163 1
	-90.000 179.576 38.251 1
	-25.795 126.824 145.107 1
	87.164 62.664 46.748 1
	-24.763 129.500 143.348 1
	-22.242 48.976 37.340 1
	4.045 104.187 165.281 1
	-23.835 42.617 40.606 1
	23.720 133.024 128.285 1
	-26.425 51.893 35.690 1
	-22.007 47.005 38.520 1
	22.552 132.290 128.148 1
	-31.215 55.021 33.833 1
	-17.968 46.725 38.766 1
	-87.640 62.636 43.975 1
	9.969 25.720 42.525 1
	-8.783 137.613 138.914 1
	-86.763 63.088 127.495 1
	10.124 105.098 145.084 1
	23.359 130.027 126.864 1
	28.012 121.026 121.060 1
	-74.565 116.448 144.466 1
	88.453 117.382 133.952 1
	86.975 117.307 132.548 1
	47.693 90.247 90.310 1
	15.768 136.043 130.233 1
	19.784 45.040 140.237 1
	-26.196 125.862 145.841 1
	20.902 45.120 50.243 1
	22.930 49.693 52.993 1
	-53.188 109.739 69.110 1
	-47.487 88.763 92.292 1
	89.422 62.693 47.951 1
	-23.457 43.763 40.073 1
	-4.389 172.483 50.369 1
	-23.732 70.078 111.727 1
	-68.107 64.807 30.562 1
	-41.207 69.609 112.729 1
	35.649 114.660 115.978 1
	23.577 129.993 126.864 1
	32.492 102.800 13.218 1
	78.799 114.815 122.069 1
	22.368 131.511 127.689 1
	-88.236 117.353 135.940 1
	-12.015 151.777 135.550 1
	28.465 18.656 32.051 1
	-22.483 48.839 37.403 1
	-46.948 103.808 165.699 1
	-32.808 72.926 17.544 1
	-25.491 170.088 162.903 1
	41.482 115.451 117.623 1
	-56.413 71.213 19.085 1
	-89.129 116.809 141.687 1
	24.018 141.257 132.032 1
	-26.476 52.930 35.094 1
	-80.094 63.151 37.947 1
	-25.514 44.771 38.738 1
	27.135 127.059 125.111 1
	-18.495 151.479 159.231 1
	10.663 36.434 46.031 1
	-13.929 144.162 135.315 1
	55.056 90.573 0.900 1
	2.080 33.392 45.006 1
	85.033 62.682 47.372 1
	46.581 112.815 113.692 1
	-2.527 12.548 136.536 1
	0.584 149.977 135.103 1
	26.304 126.028 34.532 1
	-19.200 40.502 40.302 1
	25.399 54.173 145.657 1
	-7.403 143.302 135.476 1
	87.221 62.653 46.358 1
	-6.646 177.416 124.194 1
	9.820 42.513 48.484 1
	53.342 5.460 27.170 1
	48.134 107.315 107.607 1
	-26.339 51.721 35.775 1
	-25.949 125.718 145.669 1
	-0.172 39.150 135.338 1
	-88.264 62.504 46.003 1
	29.616 121.845 121.731 1
	-88.224 62.647 44.072 1
	61.404 93.392 180.000 1
	78.232 65.369 58.407 1
	-26.110 59.267 30.825 1
	25.073 122.624 122.172 1
	-88.677 65.220 68.755 1
	-77.819 116.958 141.532 1
	-41.889 90.017 89.972 1
	19.813 47.200 51.566 1
	-45.178 88.001 0.413 1
	-26.442 55.130 33.489 1
	28.854 125.289 124.011 1
	-33.931 61.129 29.673 1
	-14.410 143.228 136.301 1
	-23.531 129.786 143.331 1
	-15.086 142.145 136.891 1
	86.660 62.687 47.252 1
	-20.369 41.671 41.385 1
	-74.570 63.552 35.541 1
	-60.567 12.869 48.449 1
	18.449 44.175 49.761 1
	-42.909 109.847 159.471 1
	-34.779 56.918 32.704 1
	84.173 62.705 46.971 1
	-49.314 89.765 91.541 1
	-20.518 129.036 143.807 1
	14.582 42.422 48.942 1
	-68.039 64.378 31.988 1
	14.828 43.086 49.292 1
	-0.189 33.403 45.012 1
	-26.969 125.581 145.967 1
	-25.560 137.401 138.684 1
	44.101 81.091 171.830 1
	32.790 59.060 58.820 1
	-34.234 118.797 150.413 1
	-89.674 67.357 61.358 1
	-4.011 60.774 150.161 1
	-87.324 117.353 136.261 1
	-27.067 52.884 35.094 1
	-66.755 64.498 30.986 1
	37.895 86.534 177.462 1
	-66.377 65.581 28.654 1
	21.251 48.186 52.116 1
	86.700 75.292 7.580 1
	-75.029 112.426 153.644 1
	-6.560 5.414 36.022 1
	44.943 109.739 112.019 1
	83.772 114.064 172.999 1
	-25.709 119.370 150.934 1
	-16.673 43.379 40.497 1
	-30.115 124.962 146.144 1
	0.057 146.511 133.493 1
	35.787 20.753 32.802 1
	62.825 97.179 178.075 1
	27.680 138.862 131.792 1
	-40.680 7.242 39.517 1
	-36.795 122.613 147.548 1
	43.997 118.396 119.055 1
	-26.018 140.741 137.584 1
	15.344 139.103 132.244 1
	23.239 130.806 127.311 1
	0.258 148.270 135.012 1
	89.376 117.365 134.765 1
	-20.586 27.319 45.653 1
	77.240 113.692 28.006 1
	-0.143 141.967 131.591 1
	45.596 88.138 180.000 1
	26.368 126.056 124.653 1
	50.672 89.886 89.628 1
	17.263 41.877 48.701 1
	-79.647 63.197 37.724 1
	-46.341 108.203 160.526 1
	-26.431 147.485 44.828 1
	-3.048 10.061 136.158 1
	26.992 126.480 124.710 1
	2.343 116.597 169.424 1
	75.264 63.381 53.617 1
	82.947 143.721 149.869 1
	-25.766 151.009 134.341 1
	-79.595 117.061 139.991 1
	10.279 36.257 45.573 1
	23.411 47.057 51.440 1
	-22.173 134.823 140.512 1
	71.287 64.538 58.241 1
	-22.855 49.744 37.013 1
	69.889 97.999 180.000 1
	17.189 44.101 49.607 1
	6.875 5.139 78.071 1
	-23.056 47.177 38.371 1
	23.480 49.274 52.724 1
	18.879 43.190 49.389 1
	-41.018 74.261 107.200 1
	-25.479 133.734 141.005 1
	58.098 15.464 38.646 1
	24.924 134.548 129.431 1
	-63.008 91.318 85.772 1
	22.775 52.070 53.377 1
	-24.454 129.517 143.509 1
	-88.963 117.359 135.470 1
	44.307 114.935 117.542 1
	31.839 123.106 122.602 1
	-45.063 93.667 86.242 1
	-23.296 50.059 36.927 1
	34.194 117.210 118.379 1
	87.193 117.336 133.264 1
	-58.740 87.731 91.295 1
	81.641 64.154 55.949 1
	-18.048 41.408 41.390 1
	-24.007 50.518 36.601 1
	14.502 119.410 30.069 1
	82.827 63.421 51.956 1
	-68.789 115.016 151.547 1
	-44.811 91.811 87.628 1
	2.011 34.068 44.908 1
	-26.797 54.248 34.297 1
	-12.880 48.306 37.426 1
	24.528 115.772 117.210 1
	-82.248 74.972 104.192 1
	-4.228 5.208 49.383 1
	-14.673 134.628 140.249 1
	-23.239 135.802 140.392 1
	-18.249 46.163 38.978 1
	17.103 44.547 50.059 1
	-62.573 119.055 141.498 1
	-15.670 146.035 135.161 1
	-33.684 121.060 59.421 1
	-45.562 78.856 101.562 1
	21.526 43.975 49.188 1
	16.942 136.238 130.256 1
	-33.816 67.563 113.297 1
	-29.232 125.403 145.904 1
	2.699 32.120 43.367 1
	28.006 139.928 42.370 1
	-41.711 59.886 31.398 1
	77.412 65.850 59.473 1
	-27.061 56.058 33.083 1
	-83.721 63.048 39.345 1
	-21.268 47.424 38.182 1
	19.183 45.023 49.922 1
	-84.299 62.722 42.055 1
	19.675 46.484 51.073 1
	-59.043 65.134 31.490 1
	23.606 66.618 154.928 1
