This file is created by TexTools software, Resmat Corp.
ODF file name: file Created at Texture lab IITK

B 1000 0
	13.900 127.220 112.964 1
	22.300 121.014 129.208 1
	-18.684 124.750 160.382 1
	-90.000 47.269 48.547 1
	-75.092 85.153 84.981 1
	-49.469 116.041 67.758 1
	79.114 127.838 176.672 1
	62.435 125.186 137.825 1
	22.695 133.207 105.694 1
	-73.098 128.222 133.333 1
	-15.218 82.821 5.386 1
	-57.536 126.097 130.514 1
	-3.272 126.956 101.173 1
	88.213 56.706 41.436 1
	77.567 159.976 168.782 1
	86.517 119.794 142.563 1
	-22.981 172.380 65.117 1
	-85.216 132.605 133.396 1
	-70.812 108.289 156.400 1
	48.879 104.943 24.190 1
	85.869 12.445 5.850 1
	7.448 121.696 131.809 1
	-66.572 103.448 62.905 1
	-43.293 80.008 111.658 1
	-12.112 38.205 66.423 1
	-35.604 132.428 134.313 1
	-86.030 64.968 138.026 1
	-49.400 106.937 156.555 1
	82.747 114.557 133.064 1
	-7.953 142.031 134.410 1
	23.165 50.501 44.547 1
	-29.112 60.023 49.314 1
	-85.061 58.551 45.951 1
	47.097 99.093 15.877 1
	50.993 68.360 64.527 1
	53.990 72.565 159.208 1
	-46.152 68.130 105.476 1
	40.542 50.586 49.309 1
	-29.095 57.720 33.484 1
	46.960 78.999 166.450 1
	26.299 128.062 39.523 1
	49.796 71.792 155.323 1
	-8.165 155.993 93.707 1
	-53.302 116.838 56.327 1
	-40.497 103.619 150.997 1
	52.913 120.722 135.287 1
	85.812 73.786 77.447 1
	59.559 127.878 137.338 1
	49.767 116.339 131.505 1
	52.512 63.696 145.417 1
	-60.493 70.497 23.188 1
	48.300 73.493 158.377 1
	-85.984 98.606 67.598 1
	48.994 125.489 137.762 1
	30.418 44.227 29.754 1
	-66.125 126.899 132.783 1
	29.158 120.493 107.968 1
	33.959 126.458 138.392 1
	31.152 67.895 59.914 1
	-54.362 60.905 35.667 1
	-75.768 162.663 97.019 1
	89.358 57.857 43.608 1
	-64.905 156.515 112.139 1
	12.806 119.771 47.332 1
	82.964 163.396 168.782 1
	15.630 57.313 47.046 1
	28.556 124.148 103.132 1
	24.013 124.693 129.391 1
	84.838 94.303 85.583 1
	-26.660 126.154 138.346 1
	90.000 5.197 14.805 1
	-64.125 54.838 50.346 1
	39.843 106.708 21.761 1
	8.669 20.512 126.314 1
	24.442 55.056 43.573 1
	-1.719 50.953 137.155 1
	23.847 100.588 123.364 1
	-82.517 51.835 142.540 1
	81.337 93.077 3.696 1
	72.972 51.297 42.920 1
	28.757 53.973 40.783 1
	-57.359 124.498 132.296 1
	37.695 27.731 24.385 1
	77.074 121.215 137.481 1
	88.493 63.810 30.871 1
	-58.046 119.639 47.258 1
	33.226 59.502 37.890 1
	-43.081 54.798 46.261 1
	-34.102 64.647 104.748 1
	-10.101 33.031 51.795 1
	64.962 163.115 157.323 1
	-1.484 161.414 132.686 1
	34.028 136.456 139.859 1
	-47.624 67.122 105.946 1
	-38.113 65.816 43.533 1
	88.648 124.126 137.252 1
	58.780 106.347 109.882 1
	4.601 42.015 39.998 1
	76.478 146.024 152.149 1
	-29.891 53.239 42.187 1
	-39.104 124.441 167.470 1
	87.995 129.042 138.495 1
	83.703 15.510 7.729 1
	83.085 57.015 128.732 1
	69.018 56.373 44.043 1
	0.006 44.639 53.216 1
	-72.433 59.891 82.540 1
	-26.350 52.941 39.717 1
	-18.403 89.255 12.427 1
	-89.473 49.166 49.320 1
	-14.805 86.012 71.918 1
	-54.838 48.031 46.948 1
	-14.043 84.700 161.356 1
	-71.408 51.022 43.780 1
	-80.770 81.675 92.664 1
	-33.123 128.858 138.031 1
	10.525 148.482 130.440 1
	-50.930 52.449 40.760 1
	-85.629 107.315 85.502 1
	-47.567 102.262 69.500 1
	-2.418 111.337 140.065 1
	3.392 54.987 50.993 1
	5.535 27.783 43.923 1
	-47.223 106.095 73.012 1
	32.114 69.632 53.365 1
	6.154 133.453 140.243 1
	46.432 113.491 111.114 1
	-6.199 26.385 51.692 1
	-76.433 88.155 109.378 1
	58.402 56.327 39.717 1
	-11.499 93.650 76.879 1
	-2.011 145.176 133.471 1
	-33.896 48.415 56.064 1
	-43.648 131.385 137.120 1
	36.268 115.302 112.208 1
	-48.077 112.632 71.631 1
	-2.807 71.643 21.056 1
	-24.511 124.269 139.527 1
	12.135 136.232 104.622 1
	-40.101 56.196 52.970 1
	-31.335 132.565 143.509 1
	48.730 73.350 157.397 1
	-54.609 142.936 176.609 1
	11.304 122.945 135.384 1
	-29.398 44.771 42.233 1
	-6.497 48.083 142.741 1
	89.559 51.297 64.475 1
	-24.609 120.699 137.579 1
	-25.926 59.708 26.018 1
	45.521 75.396 172.535 1
	57.737 70.222 68.640 1
	44.903 80.306 173.062 1
	6.154 99.798 24.328 1
	45.029 43.356 31.639 1
	-28.207 120.132 148.230 1
	46.152 99.930 12.874 1
	11.849 35.157 27.680 1
	-89.536 128.314 134.869 1
	82.678 120.642 42.703 1
	8.033 149.616 143.354 1
	-31.856 142.867 113.079 1
	-61.484 53.486 47.338 1
	1.977 150.585 134.737 1
	49.068 110.827 22.443 1
	-80.443 88.894 89.284 1
	-89.639 129.351 127.672 1
	81.125 81.807 134.221 1
	87.342 48.673 38.720 1
	-22.798 111.417 156.057 1
	-46.180 67.512 24.620 1
	-18.157 133.774 167.046 1
	19.120 61.049 41.803 1
	21.079 141.515 40.972 1
	-46.725 81.159 102.416 1
	6.555 74.949 2.527 1
	89.685 131.270 139.303 1
	1.994 105.562 171.303 1
	-30.711 50.392 131.545 1
	-29.192 69.391 25.754 1
	-64.653 51.629 52.156 1
	6.039 110.277 176.735 1
	-33.547 55.428 48.696 1
	-30.218 72.250 20.323 1
	48.535 65.575 157.208 1
	84.202 62.160 45.991 1
	-50.466 110.965 154.911 1
	-3.988 30.688 61.650 1
	80.976 120.189 137.281 1
	-40.044 76.748 21.635 1
	-75.350 52.947 45.917 1
	33.564 57.703 31.885 1
	-30.418 60.183 51.234 1
	8.359 25.319 45.693 1
	-53.291 110.037 153.048 1
	89.782 98.933 3.432 1
	-26.368 34.595 59.278 1
	-31.461 36.423 67.649 1
	-35.042 127.093 135.155 1
	-59.261 54.265 17.028 1
	66.801 49.859 135.539 1
	-26.356 121.627 148.963 1
	43.121 94.017 4.950 1
	-86.866 87.697 64.229 1
	3.300 58.556 44.633 1
	88.992 114.483 141.211 1
	46.879 81.056 164.479 1
	-51.629 71.900 17.911 1
	51.543 51.790 140.971 1
	31.856 67.437 153.180 1
	-51.566 64.498 119.084 1
	-38.274 74.834 114.895 1
	-52.769 65.346 111.589 1
	-88.894 62.630 49.211 1
	56.362 114.832 121.547 1
	-72.800 115.715 156.882 1
	46.581 64.011 155.283 1
	60.968 67.174 4.715 1
	-85.657 52.437 45.115 1
	9.906 46.541 43.247 1
	-49.160 107.378 65.650 1
	-13.539 54.362 36.383 1
	-51.234 66.245 118.035 1
	-89.444 60.510 46.318 1
	23.325 123.684 129.660 1
	-62.916 99.534 166.169 1
	48.306 106.478 21.801 1
	9.150 153.639 152.825 1
	59.456 52.162 42.634 1
	7.506 33.157 41.156 1
	-52.300 97.323 83.331 1
	-9.465 100.365 154.011 1
	31.255 123.066 137.619 1
	49.681 21.262 33.077 1
	88.407 57.164 38.337 1
	58.934 108.776 112.598 1
	48.472 112.065 19.469 1
	85.875 89.737 68.176 1
	-68.394 52.426 46.759 1
	-16.627 134.599 160.531 1
	-39.208 122.905 132.359 1
	-62.080 21.755 128.457 1
	51.331 55.611 38.199 1
	14.880 116.110 131.379 1
	75.802 129.620 138.152 1
	-72.508 123.868 139.956 1
	49.779 68.824 65.850 1
	-28.442 63.421 32.166 1
	48.621 75.098 159.380 1
	60.968 100.737 7.145 1
	2.664 18.180 132.485 1
	-0.252 34.372 46.295 1
	49.051 71.098 156.280 1
	39.746 35.867 27.044 1
	6.727 132.233 143.354 1
	72.170 16.364 22.741 1
	35.449 51.687 132.915 1
	-36.784 138.341 130.629 1
	50.850 65.867 71.963 1
	-2.802 78.031 83.950 1
	25.319 56.998 43.619 1
	-64.062 96.744 89.943 1
	-49.395 64.996 111.509 1
	73.780 50.403 16.570 1
	51.366 49.905 45.814 1
	-88.304 118.161 126.618 1
	48.994 70.187 159.569 1
	69.523 110.902 177.915 1
	-87.691 120.613 132.158 1
	-10.199 57.158 6.434 1
	28.894 121.513 137.676 1
	86.391 131.992 106.272 1
	15.103 48.111 40.531 1
	-70.841 81.125 26.316 1
	2.636 120.951 137.510 1
	-74.794 100.789 155.226 1
	0.934 129.219 46.392 1
	-86.935 105.373 128.371 1
	-90.000 122.728 135.510 1
	-4.469 64.756 65.002 1
	-5.856 121.679 138.959 1
	-5.850 91.410 71.454 1
	-21.262 58.247 37.282 1
	20.168 40.462 49.039 1
	49.555 112.380 21.039 1
	-36.389 67.953 39.614 1
	-74.026 55.743 50.684 1
	-35.712 112.959 149.874 1
	-51.188 113.222 63.043 1
	34.899 115.342 116.878 1
	-47.366 106.799 71.236 1
	53.193 149.341 161.190 1
	65.277 130.589 43.419 1
	-12.347 26.660 121.765 1
	56.476 61.713 64.876 1
	39.866 126.228 122.768 1
	-28.917 51.475 41.219 1
	18.272 160.984 92.894 1
	-39.448 55.560 53.497 1
	-46.988 70.388 47.275 1
	20.953 55.119 40.881 1
	30.877 101.494 119.181 1
	13.447 58.877 40.800 1
	41.459 109.343 128.411 1
	62.911 122.023 32.229 1
	-20.414 150.241 133.854 1
	-45.756 54.992 50.506 1
	-33.375 44.519 37.752 1
	49.011 106.782 114.374 1
	-67.317 126.137 116.076 1
	39.987 49.733 46.753 1
	-82.500 130.044 149.846 1
	-8.806 54.626 50.965 1
	-39.305 69.334 124.160 1
	-89.588 55.010 46.318 1
	-61.690 112.466 158.515 1
	-51.452 115.485 60.745 1
	88.533 83.595 83.589 1
	68.944 125.375 51.142 1
	11.127 46.559 25.319 1
	-34.206 52.924 47.848 1
	83.440 105.224 98.537 1
	-74.863 128.171 40.932 1
	33.890 71.815 50.248 1
	-57.594 56.058 50.804 1
	52.408 89.387 178.184 1
	4.206 16.988 40.434 1
	-67.832 75.968 158.451 1
	3.696 120.476 133.373 1
	19.475 30.235 118.459 1
	-83.789 121.627 129.156 1
	68.801 125.357 122.693 1
	-53.365 107.498 158.383 1
	71.608 81.801 15.120 1
	28.098 53.703 47.653 1
	63.764 84.563 3.472 1
	-49.595 107.739 64.767 1
	87.072 122.464 128.572 1
	-28.333 52.025 40.703 1
	88.511 47.172 103.940 1
	0.831 51.188 42.393 1
	-22.151 94.274 147.411 1
	60.035 53.331 37.832 1
	-71.746 96.102 164.674 1
	7.655 135.052 136.840 1
	-8.348 138.048 166.278 1
	79.022 122.693 141.028 1
	38.652 107.601 126.068 1
	-52.981 125.988 132.915 1
	-38.692 129.809 144.746 1
	-89.381 57.101 50.403 1
	-61.971 148.047 100.027 1
	-18.146 57.708 45.034 1
	10.353 40.119 43.877 1
	50.443 62.332 149.639 1
	-60.138 81.738 38.841 1
	4.291 56.941 48.747 1
	-21.383 139.876 134.530 1
	45.161 82.179 176.643 1
	-89.152 119.456 125.392 1
	56.219 62.435 56.431 1
	21.864 91.524 2.939 1
	-46.375 82.391 104.972 1
	38.640 111.475 104.278 1
	61.942 128.027 138.616 1
	-14.301 150.545 130.067 1
	4.343 152.905 49.183 1
	39.483 111.635 110.747 1
	-47.515 110.100 73.150 1
	47.596 89.576 21.956 1
	9.918 36.234 31.965 1
	-26.975 126.274 143.910 1
	5.369 143.142 141.836 1
	-32.882 55.353 124.297 1
	46.851 103.173 10.903 1
	45.699 119.221 135.888 1
	-51.245 65.002 29.072 1
	-40.325 23.268 46.335 1
	-87.107 59.662 47.939 1
	-52.718 60.516 102.697 1
	-34.246 50.575 44.232 1
	-32.183 37.116 54.202 1
	0.252 134.364 142.592 1
	-13.499 85.669 165.934 1
	-31.644 123.513 131.906 1
	35.243 141.755 107.899 1
	61.685 123.587 140.191 1
	30.711 125.615 127.128 1
	63.123 57.336 46.765 1
	68.910 99.935 127.838 1
	84.076 121.519 141.922 1
	8.176 26.665 38.021 1
	-1.329 18.386 47.166 1
	59.954 59.376 72.198 1
	-6.331 121.765 133.969 1
	-17.023 23.359 57.932 1
	-46.725 103.786 160.571 1
	-68.566 37.620 37.271 1
	-86.660 131.007 129.070 1
	-20.323 139.882 163.453 1
	47.510 55.445 37.683 1
	34.337 133.201 147.926 1
	-26.568 122.962 134.210 1
	87.388 110.140 159.288 1
	8.623 122.447 47.859 1
	-1.736 120.436 114.397 1
	-7.701 57.238 135.201 1
	-56.184 98.314 150.837 1
	-7.477 57.015 40.972 1
	-83.635 118.299 142.254 1
	45.315 98.314 4.188 1
	2.796 31.937 49.630 1
	48.392 113.675 109.131 1
	88.940 87.193 22.512 1
	-89.313 53.635 46.289 1
	14.106 47.739 50.558 1
	-0.057 154.160 134.869 1
	-5.323 135.063 126.967 1
	-51.841 55.038 49.383 1
	34.985 65.386 2.160 1
	-28.969 127.409 138.421 1
	-85.170 107.407 114.070 1
	46.289 97.214 14.284 1
	-87.995 72.078 20.036 1
	-54.872 51.016 46.060 1
	-79.464 157.220 63.736 1
	1.868 59.038 45.951 1
	33.421 58.258 32.475 1
	-25.227 58.201 47.819 1
	55.594 111.200 17.303 1
	49.314 108.358 22.809 1
	75.086 68.675 145.652 1
	-8.554 28.453 52.116 1
	76.541 98.136 127.666 1
	86.362 123.266 47.424 1
	22.913 121.971 121.605 1
	-44.920 99.964 83.388 1
	46.324 117.760 99.408 1
	-79.498 122.991 131.459 1
	22.999 149.399 101.952 1
	80.220 132.514 44.960 1
	-20.013 40.457 139.366 1
	49.148 114.758 21.285 1
	2.223 59.416 26.115 1
	-51.263 113.234 152.372 1
	-34.956 100.170 147.330 1
	59.926 130.245 137.384 1
	-35.392 44.020 42.771 1
	-88.763 126.910 131.946 1
	23.021 29.989 28.052 1
	-16.753 36.956 52.844 1
	89.519 113.990 166.158 1
	54.185 165.877 168.026 1
	-79.446 108.604 88.637 1
	35.695 55.273 37.047 1
	10.943 150.556 156.996 1
	70.944 56.087 39.047 1
	-70.474 124.550 110.054 1
	58.465 55.571 35.930 1
	11.419 36.148 37.815 1
	-6.618 23.950 136.427 1
	-8.382 59.731 11.728 1
	37.500 132.038 136.289 1
	-76.845 93.174 9.706 1
	-0.298 38.337 44.994 1
	88.379 59.737 37.987 1
	6.618 30.636 38.692 1
	31.490 124.550 114.047 1
	28.837 121.788 135.384 1
	6.394 169.498 177.113 1
	-0.481 48.008 44.112 1
	-14.960 129.254 170.461 1
	89.175 131.924 138.157 1
	-35.827 107.120 160.961 1
	2.257 32.590 132.370 1
	84.947 88.172 100.164 1
	37.414 124.040 142.294 1
	-84.368 102.313 101.809 1
	55.061 114.425 128.400 1
	20.604 35.260 41.156 1
	48.226 106.685 21.068 1
	-24.442 56.471 31.186 1
	45.315 81.194 175.480 1
	-4.297 118.837 169.395 1
	67.907 51.045 130.560 1
	85.302 85.422 144.718 1
	-85.365 122.092 132.628 1
	-72.800 116.093 133.018 1
	48.701 63.908 159.426 1
	-73.287 80.644 141.429 1
	-29.513 126.956 137.258 1
	67.529 80.632 55.703 1
	22.254 119.909 40.995 1
	-33.512 141.629 133.688 1
	-46.856 72.617 15.900 1
	83.199 54.357 50.237 1
	89.645 121.456 135.212 1
	17.223 41.184 57.817 1
	11.711 36.904 38.188 1
	-50.564 65.661 104.748 1
	-68.079 10.605 173.858 1
	-46.856 114.574 151.410 1
	-45.109 86.133 97.225 1
	-88.293 87.456 20.632 1
	88.803 129.070 139.229 1
	-60.161 120.430 161.099 1
	72.519 120.602 137.332 1
	-73.356 113.457 157.392 1
	50.638 59.181 137.516 1
	10.548 47.624 135.877 1
	49.314 68.652 65.947 1
	-16.346 40.262 17.017 1
	89.422 52.408 132.399 1
	0.040 79.097 168.312 1
	-53.789 53.635 52.649 1
	1.593 100.342 163.390 1
	34.882 127.174 136.822 1
	0.957 147.285 129.036 1
	-47.464 79.154 108.203 1
	32.848 44.702 40.926 1
	-52.638 114.930 68.646 1
	71.299 57.324 62.853 1
	63.323 121.043 132.124 1
	84.299 117.835 133.677 1
	-3.369 154.160 132.628 1
	48.730 4.698 21.457 1
	-49.297 64.080 111.933 1
	-62.670 110.466 135.132 1
	-29.989 52.970 42.038 1
	-61.983 100.291 54.924 1
	-27.055 51.515 38.887 1
	-87.015 77.934 130.692 1
	89.593 122.493 135.757 1
	-60.854 66.182 84.099 1
	-39.631 52.002 45.630 1
	-81.068 66.263 35.793 1
	24.763 52.626 49.251 1
	-85.709 72.703 119.147 1
	-24.013 54.437 38.640 1
	-15.733 138.793 140.890 1
	88.831 123.152 140.816 1
	15.052 73.287 172.558 1
	6.303 61.610 139.252 1
	51.423 31.960 26.855 1
	-65.140 60.350 126.205 1
	21.858 155.730 158.486 1
	50.214 120.252 43.551 1
	-22.626 59.038 24.185 1
	-1.335 41.740 38.062 1
	-86.998 74.462 1.112 1
	-28.344 52.609 41.895 1
	-46.576 75.487 28.762 1
	-21.566 125.501 141.612 1
	3.220 46.157 71.746 1
	-27.215 119.616 131.689 1
	63.392 109.017 112.019 1
	-35.735 173.543 10.588 1
	-57.422 46.650 58.528 1
	54.127 116.362 19.269 1
	86.385 64.463 44.295 1
	45.310 94.028 9.121 1
	-84.431 134.324 123.971 1
	-79.372 56.471 48.701 1
	2.939 66.984 124.063 1
	-45.550 51.371 46.845 1
	57.852 132.107 122.705 1
	20.701 122.321 127.626 1
	-64.022 87.388 72.628 1
	-72.863 128.417 132.594 1
	89.525 78.071 0.000 1
	-52.494 108.060 73.407 1
	88.929 160.256 177.886 1
	78.742 174.764 173.354 1
	-38.892 108.335 151.908 1
	-60.224 129.563 136.444 1
	-28.069 130.205 142.082 1
	-64.664 62.819 129.448 1
	-32.578 115.205 154.045 1
	4.097 35.357 46.358 1
	-88.333 169.309 4.383 1
	52.901 124.813 140.306 1
	-73.556 90.722 179.101 1
	70.995 51.835 37.638 1
	5.225 43.528 39.723 1
	58.602 62.349 51.211 1
	42.880 138.037 160.795 1
	-81.962 50.059 46.805 1
	-65.334 169.229 24.299 1
	50.397 130.468 133.677 1
	-71.482 59.937 27.330 1
	45.636 105.642 22.884 1
	-17.435 31.261 30.848 1
	7.941 134.336 143.348 1
	53.961 158.497 143.572 1
	48.827 127.288 133.310 1
	58.425 94.435 177.508 1
	45.332 104.943 21.480 1
	-30.951 47.544 53.531 1
	-59.169 128.526 135.023 1
	88.046 89.261 114.402 1
	64.905 53.125 130.205 1
	-34.137 24.580 63.673 1
	31.008 53.950 39.282 1
	32.555 110.993 120.837 1
	62.848 125.426 139.217 1
	-62.894 121.335 155.375 1
	52.414 112.798 108.318 1
	-2.515 24.826 55.468 1
	-58.138 119.187 136.261 1
	3.449 38.818 43.115 1
	-45.905 104.914 77.063 1
	44.152 90.820 28.442 1
	-0.407 59.616 45.785 1
	-30.183 103.281 159.695 1
	-4.389 32.097 133.150 1
	16.604 103.511 96.354 1
	1.243 55.399 51.669 1
	-44.055 124.819 137.624 1
	48.203 68.004 162.233 1
	16.931 77.573 15.791 1
	-29.376 51.801 41.539 1
	72.806 110.203 115.193 1
	9.408 46.616 37.832 1
	16.845 96.583 6.904 1
	-48.627 66.211 109.618 1
	-43.940 93.782 149.399 1
	62.831 128.858 138.272 1
	15.562 96.498 73.946 1
	-10.806 61.364 48.180 1
	-86.454 76.816 13.212 1
	48.707 72.536 156.383 1
	34.309 34.481 12.657 1
	29.622 126.841 132.777 1
	12.897 134.594 159.196 1
	-52.735 121.656 132.749 1
	-3.461 25.204 55.497 1
	4.962 46.954 38.497 1
	72.290 124.217 147.645 1
	-53.709 56.471 44.759 1
	-30.189 46.421 38.732 1
	-48.839 112.913 159.443 1
	-75.745 131.293 139.487 1
	87.433 129.666 140.128 1
	24.947 27.342 109.996 1
	-6.927 57.662 49.813 1
	17.647 145.308 134.662 1
	52.494 60.642 61.599 1
	14.479 31.369 40.663 1
	-48.759 110.930 160.153 1
	73.304 68.583 64.085 1
	7.523 155.180 53.125 1
	73.144 86.465 68.090 1
	51.211 49.950 136.765 1
	14.083 132.686 109.418 1
	-30.521 56.030 46.627 1
	56.757 78.759 63.495 1
	-56.030 50.357 45.115 1
	34.080 21.492 43.453 1
	51.177 116.935 119.828 1
	12.370 53.743 22.575 1
	89.714 54.408 49.882 1
	65.501 106.547 111.715 1
	7.706 45.579 37.460 1
	34.452 68.973 159.168 1
	-45.098 93.730 82.769 1
	62.768 78.558 33.266 1
	-64.297 57.829 51.016 1
	-28.980 7.242 57.044 1
	4.985 158.572 49.750 1
	-79.624 100.760 145.915 1
	46.839 124.372 48.455 1
	-75.562 89.404 88.625 1
	-44.989 80.117 96.818 1
	4.538 26.482 36.824 1
	-9.969 25.594 145.600 1
	5.105 95.277 19.721 1
	-3.031 122.103 140.369 1
	-48.209 47.590 50.627 1
	-35.535 131.385 133.247 1
	-21.400 111.612 152.785 1
	-2.699 40.657 47.452 1
	36.085 109.704 17.343 1
	-47.825 112.540 73.132 1
	-56.660 74.439 110.415 1
	-50.942 78.931 99.276 1
	85.342 114.700 136.404 1
	-47.028 70.015 105.052 1
	15.138 125.340 110.988 1
	35.586 123.713 142.483 1
	32.000 129.185 156.022 1
	25.457 59.926 42.697 1
	85.233 61.163 43.201 1
	48.014 111.698 18.627 1
	-25.090 110.907 133.006 1
	33.209 120.155 52.701 1
	-21.423 97.111 93.129 1
	-22.746 146.184 121.467 1
	-71.144 58.654 24.958 1
	-9.030 39.013 44.645 1
	76.685 40.531 55.909 1
	-88.058 52.672 46.679 1
	-69.832 116.786 145.589 1
	-3.610 154.447 131.030 1
	-40.520 100.428 68.887 1
	-59.748 124.034 134.084 1
	-44.169 41.436 49.091 1
	58.149 114.666 119.605 1
	-48.466 144.815 130.233 1
	6.113 127.810 142.890 1
	64.922 170.260 151.513 1
	15.321 57.920 49.366 1
	48.094 144.059 166.484 1
	-25.325 118.448 133.201 1
	-21.434 67.918 33.094 1
	49.091 75.671 158.835 1
	-28.866 138.684 133.660 1
	51.601 62.716 152.000 1
	88.837 46.541 66.984 1
	15.075 120.642 138.427 1
	85.434 79.916 30.241 1
	-71.184 129.001 136.318 1
	53.789 63.180 152.710 1
	-46.725 99.013 77.859 1
	73.545 112.632 117.777 1
	-51.222 68.125 26.253 1
	-7.786 46.559 13.820 1
	-34.853 57.806 52.025 1
	1.455 24.769 80.512 1
	-72.072 50.317 48.501 1
	-68.251 35.907 21.910 1
	-30.974 49.257 42.026 1
	-38.308 58.740 25.542 1
	-46.410 108.392 79.120 1
	39.775 29.118 26.803 1
	-40.451 126.887 125.695 1
	-65.993 70.800 16.518 1
	-45.837 61.742 27.737 1
	-86.259 55.571 58.064 1
	60.470 128.188 49.790 1
	4.452 50.094 140.632 1
	47.235 76.009 161.941 1
	34.492 38.589 20.655 1
	66.285 48.071 40.330 1
	5.357 110.031 106.135 1
	60.905 119.204 140.214 1
	3.879 91.679 142.598 1
	-59.828 54.981 50.890 1
	-62.865 100.016 157.351 1
	-6.555 57.794 53.245 1
	-28.728 105.779 79.767 1
	-53.274 68.864 16.134 1
	-34.045 120.676 62.538 1
	47.011 78.272 163.442 1
	-79.676 99.041 78.793 1
	46.221 109.206 26.075 1
	32.596 113.142 122.894 1
	52.672 118.545 119.324 1
	-0.206 153.048 133.127 1
	-59.886 60.367 41.224 1
	-11.293 64.664 71.476 1
	-14.284 59.129 135.917 1
	61.857 61.839 64.790 1
	-4.446 148.270 40.147 1
	4.607 25.485 45.802 1
	-63.587 117.863 50.942 1
	4.681 34.864 38.784 1
	-21.091 53.474 40.004 1
	-48.043 106.564 74.777 1
	-45.378 94.521 82.116 1
	28.837 118.786 119.233 1
	-45.860 98.486 84.076 1
	14.524 120.155 156.990 1
	88.470 128.589 137.957 1
	-36.348 17.424 56.878 1
	15.327 57.794 135.568 1
	38.743 150.785 67.523 1
	3.701 55.227 51.497 1
	-9.706 104.198 76.753 1
	-3.358 150.459 41.030 1
	4.217 106.289 159.798 1
	88.447 59.542 41.717 1
	-30.968 104.851 157.185 1
	-7.511 52.231 45.797 1
	58.860 99.740 177.233 1
	0.309 45.728 37.471 1
	84.414 140.277 167.825 1
	-47.470 68.755 26.018 1
	-3.386 91.398 66.188 1
	25.113 118.316 136.192 1
	-44.645 59.519 30.819 1
	45.607 94.825 8.422 1
	-87.439 62.263 43.465 1
	-8.440 9.729 142.924 1
	19.377 141.555 135.820 1
	-58.488 61.960 134.221 1
	35.374 74.983 140.272 1
	29.691 123.220 136.513 1
	13.974 123.873 102.806 1
	-76.685 126.349 134.261 1
	80.713 129.276 126.251 1
	32.263 128.085 44.547 1
	31.404 92.750 86.654 1
	45.602 75.630 171.681 1
	89.444 70.777 11.797 1
	-44.605 125.180 133.556 1
	4.761 28.333 52.111 1
	25.508 59.387 40.703 1
	-69.145 84.465 90.676 1
	-48.295 106.009 68.234 1
	87.852 43.803 32.349 1
	9.127 60.063 41.201 1
	-8.520 155.105 44.931 1
	-45.172 77.682 99.792 1
	-60.304 67.918 21.578 1
	-48.020 73.023 109.378 1
	8.291 132.015 102.846 1
	40.342 127.460 144.878 1
	24.024 90.745 1.530 1
	56.969 113.354 119.330 1
	7.918 135.092 124.418 1
	-89.719 127.976 132.325 1
	33.197 167.596 158.532 1
	8.589 55.691 47.183 1
	-20.334 32.275 52.334 1
	-51.188 111.927 150.682 1
	-19.910 83.635 12.410 1
	-23.382 125.667 141.286 1
	51.520 119.038 134.181 1
	-50.065 63.249 23.881 1
	-88.837 112.105 129.844 1
	12.874 137.046 140.294 1
	-32.275 52.076 53.136 1
	-87.983 49.939 46.656 1
	30.567 22.609 22.448 1
	29.450 127.300 133.574 1
	-56.883 167.034 60.384 1
	-6.583 55.445 48.255 1
	-14.404 130.623 149.250 1
	48.931 110.655 15.378 1
	31.576 68.589 65.483 1
	80.650 1.719 20.695 1
	42.296 110.243 107.080 1
	-5.053 33.306 141.051 1
	9.494 141.165 122.235 1
	47.057 111.944 29.106 1
	-4.801 23.801 15.533 1
	60.516 47.962 133.992 1
	24.912 136.370 153.026 1
	24.162 57.302 137.859 1
	-20.397 132.823 168.278 1
	19.572 57.410 46.799 1
	-36.136 26.333 46.232 1
	49.005 109.360 110.352 1
	-18.908 23.445 26.906 1
	-50.025 130.669 136.576 1
	-33.289 64.412 115.182 1
	-52.924 96.996 81.658 1
	36.795 117.760 130.222 1
	-90.000 59.072 49.916 1
	82.116 113.136 174.489 1
	72.153 53.617 41.505 1
	-12.611 35.839 13.241 1
	54.609 123.868 138.461 1
	-80.575 100.543 71.064 1
	-59.101 51.068 134.817 1
	-11.620 99.253 112.569 1
	8.354 56.574 49.274 1
	-41.625 75.751 21.383 1
	-55.846 48.501 43.424 1
	34.269 135.682 148.408 1
	-60.877 51.515 45.665 1
	-66.114 133.425 64.085 1
	-29.204 128.681 138.266 1
	-48.713 155.025 108.054 1
	89.244 48.598 42.296 1
	-24.104 63.037 37.557 1
	-72.170 58.470 47.796 1
	5.712 37.093 3.948 1
	21.790 57.617 42.834 1
	-82.076 75.527 106.507 1
	-21.400 57.428 39.236 1
	75.487 65.523 56.763 1
	-47.252 95.793 85.136 1
	-19.601 116.030 159.758 1
	-51.154 65.077 118.173 1
	-70.703 62.143 32.819 1
	45.957 96.675 11.213 1
	4.481 64.721 85.462 1
	-54.059 50.867 134.972 1
	-86.202 137.510 46.186 1
	48.209 72.892 154.618 1
	53.474 53.050 60.006 1
	-77.854 50.936 137.504 1
	-78.232 78.816 34.137 1
	45.424 55.972 132.256 1
	-34.022 138.719 172.678 1
	-35.288 50.861 42.852 1
	-68.165 65.071 26.568 1
	45.573 81.818 171.120 1
	-68.938 68.348 32.194 1
	20.907 56.706 50.569 1
	81.188 73.917 14.267 1
	-64.372 121.542 127.317 1
	-30.023 21.016 134.920 1
	50.827 115.268 115.153 1
	81.205 130.881 176.723 1
	-57.015 130.187 131.465 1
	-33.759 55.703 39.334 1
	-34.131 129.471 135.808 1
	-0.138 133.379 136.799 1
	-0.573 39.110 45.659 1
	67.237 66.022 154.458 1
	1.346 144.603 130.938 1
	-44.605 28.997 2.750 1
	-34.870 126.400 131.660 1
	57.049 116.563 132.307 1
	-8.990 142.901 129.185 1
	61.742 116.545 178.236 1
	12.238 124.005 130.480 1
	-11.849 158.578 134.869 1
	63.833 62.762 141.629 1
	-18.879 10.949 32.498 1
	80.695 126.217 47.894 1
	9.981 150.906 132.433 1
	47.905 67.271 162.193 1
	38.743 107.504 118.837 1
	51.056 113.789 108.295 1
	3.495 46.198 59.490 1
	-85.531 58.298 47.515 1
	-68.342 116.500 174.930 1
	3.873 121.032 47.412 1
	4.733 31.874 140.272 1
	-42.193 104.977 73.499 1
	-23.594 92.802 152.619 1
	62.836 49.939 42.307 1
	36.646 138.776 142.621 1
	-10.605 151.370 125.810 1
	-70.256 112.483 158.079 1
	9.780 54.947 50.546 1
	-10.439 42.720 64.475 1
	-32.309 127.821 134.760 1
	74.679 63.386 50.168 1
	46.272 97.260 10.508 1
	82.638 102.198 177.084 1
	-8.864 58.402 131.786 1
	3.042 9.729 38.027 1
	-6.406 39.041 49.750 1
	33.524 109.338 39.557 1
	22.242 53.434 49.910 1
	-20.712 77.894 72.256 1
	-37.517 124.303 127.689 1
	11.482 33.295 47.470 1
	-5.214 147.514 45.476 1
	-76.232 101.328 93.100 1
	55.119 65.672 51.389 1
	-26.608 124.504 133.390 1
	-88.917 120.774 132.342 1
	84.093 139.842 172.294 1
	45.292 124.876 139.338 1
	-22.042 101.517 70.737 1
	-28.447 52.815 41.127 1
	4.263 75.842 95.002 1
	89.548 127.185 137.401 1
	-79.246 81.687 104.250 1
	74.805 49.710 41.946 1
	-18.936 39.334 38.503 1
	-28.556 52.288 41.081 1
	-4.120 137.252 15.877 1
	89.204 55.480 40.989 1
	-62.974 112.821 145.033 1
	-47.561 77.544 110.398 1
	22.563 76.902 74.324 1
	-40.932 50.231 42.216 1
	-33.512 29.278 42.685 1
	58.625 126.572 142.586 1
	-74.972 65.191 114.082 1
	-7.895 32.767 53.589 1
	-45.109 119.542 54.230 1
	-3.598 139.011 139.452 1
	-32.733 46.444 53.016 1
	16.410 55.245 51.165 1
	-80.191 115.417 123.713 1
	0.991 127.357 136.582 1
	-49.544 114.884 66.635 1
	-45.722 77.344 101.511 1
	43.871 75.430 53.354 1
	1.730 120.665 130.995 1
	-6.532 94.905 119.089 1
	-42.932 124.418 126.205 1
	31.960 69.987 56.494 1
	7.500 138.690 53.606 1
	-31.266 65.907 28.751 1
	57.743 65.890 58.298 1
	-6.606 84.878 11.860 1
	-87.708 51.222 38.560 1
	-58.545 42.766 75.384 1
	6.182 58.442 37.901 1
	-73.046 55.732 30.493 1
	63.461 53.789 40.290 1
	-47.825 66.990 20.346 1
	46.983 71.436 166.060 1
