This file is created by TexTools software, Resmat Corp.
ODF file name: file Created at Texture lab IITK

B 1000 0
	60.063 65.764 60.991 1
	39.677 109.985 21.452 1
	21.079 43.694 49.326 1
	69.924 63.570 46.644 1
	74.118 76.536 77.166 1
	0.069 37.666 41.459 1
	6.595 31.031 44.502 1
	44.765 68.377 61.135 1
	73.086 64.836 59.141 1
	24.947 88.637 1.490 1
	79.166 87.393 90.630 1
	61.530 64.463 53.142 1
	83.096 65.558 59.559 1
	4.486 29.777 41.906 1
	17.011 43.763 49.601 1
	2.710 31.530 43.768 1
	73.064 80.432 81.715 1
	20.569 26.717 40.961 1
	67.351 63.931 54.156 1
	79.372 12.359 27.170 1
	3.231 31.341 43.109 1
	68.915 72.806 73.264 1
	68.463 101.878 11.150 1
	64.062 64.400 57.422 1
	64.675 22.638 29.519 1
	72.290 56.150 21.956 1
	83.852 62.733 45.539 1
	17.275 45.625 140.781 1
	90.000 62.939 49.360 1
	89.295 73.270 20.334 1
	67.494 89.588 87.743 1
	23.033 118.814 29.112 1
	34.395 25.319 37.999 1
	61.473 71.906 69.912 1
	82.013 74.358 6.967 1
	29.106 27.061 40.182 1
	87.187 69.322 65.730 1
	38.468 74.633 74.782 1
	20.002 37.855 46.358 1
	24.563 124.882 33.587 1
	8.113 14.026 139.280 1
	83.915 63.083 51.417 1
	51.967 23.193 34.314 1
	52.128 89.485 0.567 1
	15.527 110.122 20.403 1
	76.610 75.407 75.716 1
	3.856 31.031 42.806 1
	36.526 73.356 72.726 1
	23.829 30.281 42.582 1
	21.262 87.113 1.335 1
	4.578 29.542 41.792 1
	30.779 84.093 86.734 1
	79.790 77.676 78.553 1
	5.758 29.227 41.368 1
	4.544 30.315 42.433 1
	47.756 91.599 2.498 1
	76.066 79.240 8.961 1
	62.091 20.976 27.754 1
	-11.854 50.094 36.234 1
	49.251 50.042 145.331 1
	65.054 21.755 27.903 1
	36.371 23.067 35.386 1
	55.480 92.051 1.163 1
	46.014 24.735 35.506 1
	14.221 21.990 45.086 1
	59.891 91.341 1.346 1
	19.939 37.970 46.444 1
	50.506 23.932 34.515 1
	51.698 94.034 94.504 1
	80.844 64.744 58.018 1
	10.399 31.152 41.442 1
	54.872 24.666 34.670 1
	-23.016 7.597 49.996 1
	19.223 34.721 44.966 1
	33.684 121.106 29.949 1
	54.924 66.085 59.628 1
	4.269 33.220 44.038 1
	27.639 70.325 70.898 1
	73.906 20.684 23.314 1
	87.009 62.682 44.628 1
	31.478 45.029 141.297 1
	1.931 43.041 38.325 1
	-43.218 8.256 150.149 1
	48.959 22.993 34.234 1
	7.987 15.659 138.106 1
	88.952 68.371 2.080 1
	21.543 41.998 48.117 1
	76.209 63.043 47.280 1
	84.786 67.563 0.000 1
	63.014 74.473 71.906 1
	24.803 26.018 39.878 1
	64.263 64.217 54.196 1
	6.222 27.806 40.634 1
	-10.542 45.464 38.869 1
	80.598 80.317 10.061 1
	17.160 31.060 43.442 1
	84.460 23.743 8.520 1
	45.539 22.615 33.283 1
	87.829 66.268 59.954 1
	13.115 125.701 33.587 1
	89.049 77.859 14.530 1
	18.627 45.246 50.340 1
	48.449 23.440 34.080 1
	26.660 91.736 3.558 1
	65.575 91.444 1.455 1
	90.000 63.065 50.036 1
	1.770 31.232 43.390 1
	-26.293 53.457 34.652 1
	73.906 67.890 65.420 1
	9.918 26.127 36.944 1
	19.274 34.784 44.891 1
	20.902 41.717 48.346 1
	30.252 27.863 40.308 1
	12.525 21.079 134.416 1
	33.472 83.440 82.758 1
	6.446 41.213 38.256 1
	-5.558 46.009 37.821 1
	55.594 70.697 69.637 1
	-18.890 52.890 34.750 1
	76.049 65.048 59.502 1
	57.347 92.051 0.000 1
	63.386 64.188 48.495 1
	21.515 46.060 50.953 1
	31.478 82.976 85.216 1
	5.942 98.480 19.750 1
	89.009 62.853 48.816 1
	76.232 67.162 63.988 1
	66.417 103.413 12.851 1
	41.700 23.044 34.360 1
	8.325 127.093 34.051 1
	89.760 67.603 28.522 1
	41.711 69.855 64.509 1
	-25.594 53.113 35.013 1
	3.701 31.301 42.840 1
	18.100 30.785 43.447 1
	4.968 33.793 44.101 1
	8.990 26.837 38.457 1
	48.266 69.935 68.841 1
	-13.751 40.038 41.969 1
	28.321 27.376 40.382 1
	5.770 84.408 11.814 1
	4.062 30.516 42.599 1
	14.616 41.740 48.255 1
	70.606 20.850 24.299 1
	78.696 64.486 57.588 1
	11.986 24.895 35.054 1
	44.685 91.874 1.392 1
	27.158 28.109 41.133 1
	20.420 113.262 24.139 1
	15.900 38.938 47.258 1
	43.201 24.758 36.091 1
	89.353 80.254 2.034 1
	7.895 26.643 40.795 1
	12.307 23.778 34.240 1
	43.487 23.789 34.824 1
	66.715 63.891 53.016 1
	31.364 93.111 3.965 1
	52.901 66.028 56.528 1
	55.858 65.397 55.090 1
	73.493 63.329 52.030 1
	-4.160 72.588 33.724 1
	37.655 26.184 38.205 1
	67.477 64.154 55.915 1
	57.319 67.821 66.400 1
	-3.249 17.252 136.868 1
	41.098 26.940 38.508 1
	59.215 93.174 2.074 1
	19.756 38.360 46.501 1
	41.115 72.777 72.554 1
	86.213 62.905 42.468 1
	83.583 5.111 7.305 1
	78.415 80.346 9.861 1
	-17.567 50.569 36.280 1
	9.500 27.221 45.487 1
	5.735 29.926 44.250 1
	-13.665 16.043 137.063 1
	21.033 40.772 47.922 1
	13.356 40.709 47.687 1
	56.201 65.409 55.852 1
	46.639 23.142 33.552 1
	69.391 63.541 50.621 1
	35.896 89.662 0.378 1
	19.899 37.993 46.467 1
	6.669 0.819 123.449 1
	19.996 36.228 45.550 1
	88.619 43.665 7.317 1
	59.175 87.777 90.556 1
	88.470 64.360 55.187 1
	2.160 31.908 43.946 1
	24.402 68.314 35.380 1
	47.091 91.753 2.068 1
	19.910 41.408 48.306 1
	84.517 62.727 47.865 1
	22.082 32.939 43.986 1
	18.071 43.837 49.607 1
	1.942 21.795 135.293 1
	88.453 19.635 12.284 1
	80.523 62.974 45.745 1
	33.461 102.920 14.381 1
	10.737 25.961 37.070 1
	19.314 34.446 44.828 1
	65.363 20.168 26.322 1
	53.726 65.598 52.781 1
	60.602 99.723 99.299 1
	86.339 62.659 45.487 1
	78.020 80.919 24.649 1
	17.842 124.217 32.659 1
	70.841 20.420 24.391 1
	-7.930 37.070 43.041 1
	67.214 63.742 49.945 1
	30.842 124.550 33.151 1
	-14.037 34.521 44.376 1
	17.378 123.696 32.223 1
	36.280 26.895 39.030 1
	66.990 21.623 27.416 1
	42.622 28.086 38.967 1
	57.697 68.188 66.618 1
	20.076 42.485 48.799 1
	70.978 112.305 24.620 1
	48.684 110.357 21.910 1
	37.093 69.643 68.125 1
	4.446 78.243 32.641 1
	66.939 22.689 28.791 1
	37.643 67.282 65.506 1
	28.190 71.826 72.141 1
	39.872 25.903 37.838 1
	7.758 36.148 45.544 1
	13.304 74.828 6.337 1
	5.357 128.348 34.526 1
	33.896 89.536 0.516 1
	89.169 66.452 59.989 1
	18.879 30.963 43.402 1
	86.837 63.432 52.540 1
	39.677 70.818 70.113 1
	50.243 23.663 33.999 1
	47.240 23.010 34.446 1
	55.760 65.380 54.632 1
	58.975 72.462 70.239 1
	89.926 63.134 50.363 1
	20.185 32.538 43.957 1
	76.501 65.168 59.886 1
	39.099 26.614 38.457 1
	43.316 92.808 2.951 1
	6.583 27.662 39.597 1
	26.946 102.559 13.797 1
	46.169 70.096 68.509 1
	-9.872 30.120 135.751 1
	12.422 24.053 34.475 1
	85.359 37.563 23.915 1
	74.490 65.970 61.782 1
	-51.939 95.604 83.807 1
	-34.641 65.546 26.092 1
	-22.317 50.695 36.474 1
	-85.646 66.314 29.421 1
	-90.000 66.801 60.115 1
	-39.677 7.002 47.831 1
	-12.800 34.292 44.370 1
	-80.970 87.393 0.556 1
	-75.178 78.306 82.122 1
	-7.890 96.188 21.291 1
	-49.263 66.755 33.191 1
	-49.916 64.847 25.290 1
	-64.206 59.146 73.293 1
	0.831 37.844 44.834 1
	16.501 42.926 49.183 1
	-1.152 34.515 45.109 1
	-90.000 68.039 61.977 1
	-16.495 47.739 37.918 1
	-60.837 65.667 27.164 1
	-64.618 13.115 56.322 1
	-23.440 74.805 52.999 1
	-89.639 67.517 61.782 1
	-72.651 65.627 29.347 1
	-59.112 67.162 25.124 1
	-31.564 73.820 13.929 1
	-74.593 63.644 35.329 1
	-85.462 63.272 37.861 1
	-25.416 47.355 38.296 1
	-78.553 62.916 41.665 1
	-75.544 88.150 0.000 1
	-89.788 112.993 120.017 1
	-18.535 109.584 36.979 1
	7.363 15.269 22.724 1
	-74.026 65.105 122.894 1
	-69.689 64.973 30.384 1
	-52.002 24.230 67.643 1
	-27.101 72.342 18.042 1
	-38.256 130.537 54.884 1
	-43.407 72.290 109.234 1
	-30.556 55.050 33.753 1
	-6.950 58.161 28.705 1
	-48.564 65.208 27.536 1
	-27.101 73.155 19.274 1
	-38.096 71.213 20.386 1
	1.054 124.315 31.656 1
	-89.760 67.557 61.433 1
	-11.643 33.856 44.725 1
	-55.136 90.716 90.350 1
	-16.782 52.907 34.641 1
	18.071 107.017 17.785 1
	-12.433 32.756 45.384 1
	-9.763 18.094 40.325 1
	-55.371 65.323 37.615 1
	-21.016 74.198 55.353 1
	4.234 30.464 42.393 1
	-38.675 69.271 22.271 1
	-76.742 63.782 34.716 1
	-10.520 49.028 36.056 1
	-20.879 60.619 29.318 1
	-30.963 68.423 22.128 1
	-89.628 67.832 62.596 1
	-88.373 12.594 118.717 1
	-56.585 67.076 26.070 1
	-49.882 40.325 56.631 1
	2.532 33.352 42.949 1
	-76.570 63.249 42.233 1
	-20.827 52.219 35.323 1
	-28.207 71.769 20.397 1
	-33.856 89.920 89.570 1
	-65.970 58.425 75.017 1
	-34.257 77.252 11.940 1
	-27.382 67.208 25.823 1
	8.663 2.114 27.955 1
	-19.005 51.641 35.678 1
	-36.394 70.164 20.707 1
	-37.414 51.601 34.693 1
	-17.538 82.964 77.040 1
	-59.124 79.406 12.456 1
	-89.582 72.502 69.746 1
	-88.155 62.831 41.178 1
	-78.163 22.953 89.954 1
	-36.767 74.914 14.398 1
	-7.655 3.547 46.759 1
	4.395 28.172 44.582 1
	-8.274 55.067 31.261 1
	-75.739 63.426 41.855 1
	-40.554 85.967 94.252 1
	-86.803 63.994 35.392 1
	-73.952 65.311 29.628 1
	-88.499 103.637 106.530 1
	-21.612 21.681 25.881 1
	-41.895 55.961 32.309 1
	-11.029 31.564 45.023 1
	-9.672 43.969 39.494 1
	-77.189 63.054 39.832 1
	-12.536 45.161 39.173 1
	-86.150 62.928 47.670 1
	-17.796 62.997 27.261 1
	-90.000 65.678 57.886 1
	-23.703 69.775 25.371 1
	-77.412 88.172 0.000 1
	-25.044 49.332 37.174 1
	-41.700 8.371 76.341 1
	-49.847 68.904 21.939 1
	-81.750 80.839 1.982 1
	-76.570 35.609 68.858 1
	1.031 31.450 43.545 1
	-27.376 54.723 33.965 1
	-52.099 69.127 113.010 1
	9.270 27.250 38.314 1
	-44.381 65.638 27.026 1
	-4.945 36.601 44.507 1
	-37.053 67.552 24.643 1
	-19.526 22.626 24.609 1
	-50.386 99.271 80.071 1
	-13.361 73.213 16.576 1
	-16.352 59.049 30.126 1
	-44.954 75.281 105.470 1
	-19.114 53.228 34.624 1
	-55.978 73.740 108.587 1
	-56.087 67.030 26.356 1
	-53.904 70.629 20.082 1
	15.424 39.202 47.229 1
	-24.580 91.146 65.266 1
	-33.174 54.099 34.154 1
	-88.172 62.739 46.793 1
	-63.209 57.972 73.860 1
	-69.626 95.357 4.452 1
	-12.496 50.317 35.758 1
	-14.427 89.674 23.188 1
	-77.120 74.765 15.057 1
	-40.308 31.146 40.789 1
	-26.797 54.637 34.114 1
	-20.122 77.985 57.685 1
	-27.571 64.068 27.811 1
	-20.655 95.982 74.548 1
	-14.834 29.370 44.427 1
	-43.310 80.478 100.268 1
	-2.149 34.223 45.029 1
	-14.840 50.787 35.798 1
	-32.601 54.368 34.051 1
	1.564 32.206 43.310 1
	-46.123 99.660 79.676 1
	-11.012 42.181 39.568 1
	-86.591 66.532 53.056 1
	-17.326 33.690 42.840 1
	-52.025 69.752 21.778 1
	-19.240 57.009 32.023 1
	7.993 127.443 34.251 1
	-20.518 45.499 39.328 1
	-11.557 50.770 35.225 1
	-76.937 83.795 0.000 1
	0.934 32.722 44.800 1
	11.356 24.110 34.807 1
	-36.240 66.629 24.712 1
	-44.123 61.243 28.854 1
	-46.994 69.259 21.658 1
	-57.708 78.713 12.955 1
	-53.950 69.156 21.285 1
	-40.033 61.587 29.427 1
	-34.377 53.085 34.555 1
	-35.695 67.741 24.442 1
	-63.306 61.736 34.280 1
	-48.031 85.749 94.126 1
	5.306 15.149 43.121 1
	-32.200 70.376 22.196 1
	-40.376 89.519 0.630 1
	-18.696 49.504 36.996 1
	-47.790 86.677 93.455 1
	-88.877 41.562 65.558 1
	-23.778 18.501 47.068 1
	-66.137 65.586 28.791 1
	-20.626 53.801 34.343 1
	17.212 15.945 43.046 1
	-3.558 28.648 44.599 1
	-12.811 20.821 45.395 1
	-6.280 37.815 44.066 1
	13.138 40.428 47.836 1
	-52.248 66.326 23.726 1
	-58.705 6.692 82.059 1
	-61.753 67.494 24.815 1
	-50.695 88.241 2.796 1
	-67.844 57.737 74.038 1
	0.498 1.134 42.588 1
	-21.148 54.460 34.011 1
	-81.985 45.120 4.343 1
	-33.065 90.653 91.627 1
	-73.866 64.125 127.346 1
	-30.453 48.461 37.431 1
	-15.693 78.868 12.559 1
	-31.438 65.432 26.133 1
	-18.592 45.882 39.139 1
	-88.218 62.705 42.491 1
	-41.264 79.177 100.440 1
	-16.581 39.442 42.611 1
	-25.714 42.731 129.557 1
	-69.626 25.921 7.426 1
	-61.158 64.481 28.705 1
	-49.446 76.908 14.209 1
	-24.918 77.464 57.536 1
	-43.344 74.886 106.370 1
	-1.730 4.091 75.447 1
	-38.898 40.709 38.004 1
	-85.010 116.030 127.523 1
	-89.685 62.705 43.006 1
	-77.407 65.374 29.874 1
	-34.842 53.892 33.936 1
	-6.950 59.565 27.594 1
	-7.901 37.059 43.086 1
	-63.186 69.557 21.028 1
	-25.101 56.792 32.590 1
	-6.303 31.644 45.418 1
	-31.283 59.559 29.679 1
	-35.197 68.085 23.411 1
	-90.000 69.116 64.767 1
	-81.280 64.234 50.541 1
	-49.441 94.177 85.955 1
	-19.251 46.026 39.116 1
	-69.775 102.697 2.034 1
	-53.148 74.381 16.702 1
	-35.592 126.246 56.144 1
	-33.644 56.528 32.699 1
	-27.754 2.607 105.344 1
	-40.926 56.047 32.246 1
	-37.815 44.347 37.305 1
	-12.101 50.884 35.237 1
	-31.839 52.529 35.220 1
	-35.031 74.782 17.406 1
	5.082 129.099 34.968 1
	-50.930 88.018 1.564 1
	-53.795 37.752 60.155 1
	-22.242 59.668 30.332 1
	-80.329 62.836 43.551 1
	-48.742 94.830 84.935 1
	-51.085 56.242 61.983 1
	4.137 20.139 41.081 1
	-60.533 76.513 16.226 1
	-53.915 67.821 114.901 1
	-62.859 36.910 60.911 1
	-65.919 38.503 61.965 1
	-65.701 57.571 68.646 1
	-35.008 68.887 22.156 1
	-52.345 74.782 16.031 1
	-14.009 31.553 44.502 1
	-46.455 70.909 18.719 1
	-51.761 108.180 70.835 1
	0.550 29.628 44.966 1
	13.379 25.136 35.019 1
	-87.330 62.653 44.954 1
	-72.588 73.763 96.251 1
	-66.967 100.050 95.942 1
	-37.088 115.021 153.415 1
	-25.869 130.016 143.119 1
	-82.214 116.213 130.388 1
	-70.852 91.358 90.270 1
	-33.684 137.642 140.638 1
	3.289 170.541 135.018 1
	-64.509 115.159 180.000 1
	-81.028 102.462 94.601 1
	-24.866 89.931 178.665 1
	-79.183 92.498 90.757 1
	-56.941 114.557 147.330 1
	-81.131 124.441 106.404 1
	-29.427 74.467 105.562 1
	-20.466 131.620 142.214 1
	-11.150 136.696 139.905 1
	-70.697 87.479 92.166 1
	-29.267 129.786 143.509 1
	-75.722 116.929 137.344 1
	-9.156 164.788 133.591 1
	-18.890 57.531 121.461 1
	-50.609 124.068 149.261 1
	-65.541 95.506 175.766 1
	-68.526 116.156 144.156 1
	-35.747 155.478 135.906 1
	-76.622 115.949 146.586 1
	-79.034 117.084 139.229 1
	-18.845 132.113 142.059 1
	-83.320 116.150 144.844 1
	-88.768 93.621 178.327 1
	-67.552 87.783 90.762 1
	-22.552 119.473 150.327 1
	-63.942 166.152 126.635 1
	-59.994 82.116 97.208 1
	-70.428 114.941 149.806 1
	-33.306 152.951 159.368 1
	-70.159 109.223 158.767 1
	-35.638 78.495 100.520 1
	-49.968 108.616 70.600 1
	-25.640 123.759 147.067 1
	-7.706 166.714 139.968 1
	-53.698 114.763 152.550 1
	-50.415 120.258 151.484 1
	-45.900 113.205 155.495 1
	-20.512 104.943 164.427 1
	-89.089 101.946 87.107 1
	-18.317 121.673 149.118 1
	-34.910 88.579 90.716 1
	-36.114 127.821 144.964 1
	-21.096 88.912 178.625 1
	-38.698 113.222 154.389 1
	-61.186 94.693 101.517 1
	-80.174 102.777 77.939 1
	-29.347 85.835 95.122 1
	5.111 108.449 125.048 1
	-42.594 118.407 151.232 1
	-70.268 115.199 149.078 1
	-1.484 146.116 132.920 1
	-33.793 129.133 144.219 1
	-49.372 128.640 146.293 1
	-51.463 125.312 148.671 1
	-16.960 166.502 132.835 1
	-58.407 107.292 160.755 1
	-44.559 126.102 146.878 1
	-27.152 162.319 132.496 1
	-64.681 103.768 166.885 1
	-28.190 130.451 143.016 1
	-34.194 142.300 139.068 1
	-51.623 84.546 95.988 1
	-86.752 116.299 53.457 1
	-57.032 109.011 161.202 1
	-56.585 102.055 76.708 1
	5.426 168.650 131.482 1
	-28.459 132.136 142.128 1
	-44.639 118.923 151.272 1
	-62.429 115.663 142.787 1
	-29.805 69.208 112.122 1
	-71.929 155.249 173.973 1
	-56.087 113.595 157.598 1
	-84.139 117.296 136.656 1
	-36.429 131.614 142.942 1
	-36.853 135.791 142.294 1
	7.987 168.765 136.862 1
	-29.370 152.894 135.109 1
	-5.409 169.979 142.363 1
	-88.190 115.279 146.322 1
	-47.922 89.977 89.943 1
	-80.999 117.009 135.161 1
	-67.070 115.325 148.390 1
	-67.105 93.421 87.519 1
	-58.361 120.115 146.763 1
	-37.225 112.569 156.240 1
	-15.269 128.274 144.758 1
	5.334 143.125 133.241 1
	-84.958 116.540 142.976 1
	6.807 142.059 133.574 1
	-90.000 116.860 140.524 1
	-41.608 129.798 144.506 1
	-89.519 114.385 148.150 1
	-17.063 124.120 147.497 1
	-88.740 82.959 171.773 1
	-22.345 129.786 143.331 1
	-13.825 157.810 136.811 1
	-26.769 88.843 178.728 1
	-66.847 96.933 174.151 1
	-58.132 114.414 152.859 1
	4.721 111.543 125.100 1
	-27.410 125.214 146.058 1
	-61.375 99.769 80.638 1
	-18.421 73.006 107.957 1
	-34.039 125.243 146.167 1
	-19.332 139.618 137.739 1
	-39.093 127.168 145.594 1
	-11.746 174.638 132.840 1
	-33.856 90.630 89.874 1
	-23.228 152.183 133.425 1
	-33.770 134.152 142.065 1
	-54.821 100.124 80.455 1
	-25.554 137.819 139.068 1
	-86.625 109.097 83.400 1
	-62.183 108.736 159.660 1
	-45.728 110.535 156.664 1
	-25.273 128.704 144.001 1
	-65.231 114.517 101.259 1
	-22.047 124.332 146.815 1
	-89.777 117.227 137.991 1
	-74.845 112.122 65.254 1
	-61.977 93.169 178.310 1
	-41.379 125.953 146.626 1
	-8.405 126.893 146.013 1
	-76.501 97.540 180.000 1
	-29.547 92.155 179.124 1
	-27.639 125.598 145.812 1
	-17.962 121.530 149.319 1
	-30.625 131.683 142.546 1
	-35.621 100.583 78.541 1
	-13.843 123.232 148.677 1
	-44.897 99.082 80.254 1
	10.239 143.549 133.958 1
	-36.629 128.875 144.357 1
	-22.861 124.160 146.929 1
	-31.135 81.045 100.004 1
	-44.914 71.608 108.828 1
	41.390 177.949 170.163 1
	-66.222 109.234 69.053 1
	26.247 153.003 137.235 1
	-50.042 110.455 157.976 1
	-36.308 127.821 144.964 1
	-20.821 112.517 156.469 1
	-24.437 129.500 143.434 1
	-30.034 144.689 137.441 1
	-80.128 107.579 161.597 1
	-10.416 141.910 137.275 1
	-11.367 73.001 105.906 1
	-41.230 128.629 145.079 1
	-65.558 115.938 144.013 1
	-32.189 106.135 164.009 1
	-83.887 114.030 123.719 1
	-46.450 111.188 155.025 1
	-44.003 114.328 153.192 1
	-21.308 119.995 150.075 1
	-42.725 125.025 147.233 1
	-79.252 117.113 136.799 1
	-44.479 96.228 83.973 1
	2.275 166.398 136.616 1
	-45.401 122.985 148.820 1
	-62.911 102.582 168.134 1
	-24.929 134.891 140.621 1
	-39.758 99.093 80.174 1
	-74.731 141.452 114.282 1
	-11.345 131.288 143.577 1
	-69.402 114.305 151.582 1
	-30.275 129.185 143.858 1
	-22.804 149.238 135.705 1
	-3.060 150.539 134.576 1
	0.722 159.976 133.379 1
	-15.768 104.668 125.993 1
	-43.539 71.723 108.490 1
	-50.856 112.930 151.226 1
	-43.373 126.171 146.752 1
	-67.735 116.270 141.985 1
	-35.145 99.173 170.083 1
	-30.584 127.867 144.534 1
	3.019 171.263 132.857 1
	-33.604 125.495 146.070 1
	-83.532 92.292 180.000 1
	-59.192 91.731 86.551 1
	-74.616 110.953 67.070 1
	-19.647 124.865 146.591 1
	-37.804 135.865 142.632 1
	-38.640 116.522 152.206 1
	-22.701 134.966 140.432 1
	-86.121 117.325 136.731 1
	-52.981 89.989 90.527 1
	-16.558 138.260 138.621 1
	-52.145 173.274 43.098 1
	-79.303 165.293 117.101 1
	-78.409 117.027 135.728 1
	-34.847 93.862 175.486 1
	-13.843 120.029 151.060 1
	-49.108 93.564 86.230 1
	32.659 176.528 72.880 1
	-35.432 103.717 166.811 1
	-59.250 95.862 84.540 1
	-86.116 117.336 135.774 1
	-67.414 115.800 146.184 1
	-25.451 112.987 155.667 1
	-51.142 174.116 116.746 1
	-6.990 148.001 135.224 1
	-58.659 114.769 147.531 1
	-31.805 124.578 146.620 1
	-8.537 147.714 134.628 1
	-17.584 123.335 148.075 1
	-33.621 134.439 141.864 1
	-53.342 118.728 153.266 1
	-64.515 106.427 161.488 1
	-43.871 94.418 85.669 1
	-22.208 134.891 140.535 1
	-71.087 112.357 155.220 1
	-46.622 105.779 162.949 1
	-41.247 75.126 105.648 1
	-26.167 120.596 149.221 1
	-54.569 119.427 153.163 1
	-37.489 112.162 156.309 1
	-43.505 109.664 157.764 1
	-29.576 143.961 137.544 1
	-22.546 124.051 146.918 1
	-54.517 111.028 158.881 1
	-5.306 128.503 145.319 1
	-33.805 91.782 177.279 1
	-86.047 123.020 109.624 1
	-35.770 126.595 145.554 1
	-81.263 115.909 146.614 1
	-36.784 100.497 78.535 1
	-18.495 156.011 133.786 1
	-29.135 173.113 127.804 1
	-87.107 113.549 121.284 1
	-57.640 90.338 90.235 1
	-32.458 134.783 141.440 1
	-35.879 126.566 145.640 1
	-80.443 121.788 107.453 1
	-43.826 124.561 147.657 1
	-47.435 106.060 162.531 1
	-15.006 123.037 148.579 1
	-34.011 108.386 162.336 1
	-49.223 105.980 70.818 1
	-0.751 150.201 134.840 1
	15.562 105.946 122.865 1
	-89.668 117.307 136.840 1
	-76.645 97.827 96.068 1
	56.505 112.019 113.377 1
	37.746 70.233 158.440 1
	24.964 125.816 124.303 1
	86.591 123.134 157.735 1
	89.490 111.589 62.057 1
	-1.914 147.044 133.299 1
	6.824 148.820 135.573 1
	84.425 91.341 177.961 1
	77.750 116.757 127.598 1
	6.354 102.084 157.873 1
	65.455 114.849 91.255 1
	37.580 128.778 124.664 1
	78.507 116.815 134.129 1
	35.609 127.237 124.452 1
	29.135 125.919 124.332 1
	7.569 146.007 134.828 1
	88.849 106.977 67.775 1
	19.228 129.168 126.234 1
	60.086 112.208 113.887 1
	-7.517 170.959 43.671 1
	34.652 127.323 124.710 1
	89.273 112.598 151.513 1
	83.188 80.930 177.984 1
	41.786 118.470 119.187 1
	89.496 115.440 146.162 1
	71.270 122.069 161.425 1
	89.611 117.158 131.540 1
	21.893 137.848 40.903 1
	86.087 117.164 136.765 1
	75.550 88.201 178.196 1
	90.000 113.394 59.479 1
	14.496 110.512 144.099 1
	13.098 130.336 126.286 1
	39.070 94.360 93.965 1
	76.845 100.371 170.495 1
	9.798 134.301 128.595 1
	89.089 112.798 151.204 1
	38.102 131.202 125.489 1
	44.095 111.303 113.027 1
	5.552 91.673 154.653 1
	6.950 121.857 28.585 1
	80.873 117.101 130.199 1
	27.141 107.344 107.338 1
	37.076 88.069 179.427 1
	-0.710 131.563 144.139 1
	89.513 108.289 66.217 1
	18.547 108.472 144.821 1
	59.834 107.768 106.708 1
	23.640 117.370 118.276 1
	-17.991 106.444 162.863 1
	40.703 123.140 121.920 1
	39.356 143.142 129.196 1
	67.540 114.402 90.178 1
	48.203 112.970 114.036 1
	33.329 131.184 126.738 1
	37.489 88.493 178.448 1
	75.900 101.144 171.836 1
	-2.595 149.181 43.917 1
	-0.745 106.587 143.944 1
	29.639 112.798 24.414 1
	27.657 109.504 111.818 1
	-18.226 175.090 42.044 1
	52.386 94.143 180.000 1
	32.550 110.438 112.351 1
	-14.410 157.976 135.029 1
	67.821 105.911 178.161 1
	17.596 131.723 127.695 1
	53.159 113.652 120.522 1
	33.845 90.413 89.886 1
	72.657 116.648 128.446 1
	32.527 102.537 100.967 1
	79.315 115.285 140.610 1
	24.081 173.761 140.140 1
	16.392 130.944 127.191 1
	30.407 90.883 179.055 1
	49.567 115.228 115.440 1
	35.031 125.151 123.610 1
	53.933 121.077 118.104 1
	25.881 108.936 108.066 1
	90.000 117.279 132.651 1
	85.331 116.677 139.573 1
	27.880 109.395 111.675 1
	10.032 162.588 46.931 1
	80.323 172.466 164.605 1
	7.964 126.670 32.343 1
	57.983 122.825 156.435 1
	45.470 111.165 112.775 1
	68.732 113.915 116.712 1
	80.220 100.674 171.996 1
	37.672 97.277 96.704 1
	64.996 142.202 150.923 1
	44.714 119.169 118.963 1
	31.157 134.026 128.400 1
	-9.975 146.517 135.075 1
	71.832 101.832 171.933 1
	23.428 120.413 120.470 1
	70.520 116.482 126.773 1
	34.383 111.956 114.213 1
	81.710 115.972 140.140 1
	-8.944 120.986 150.109 1
	77.412 88.356 178.264 1
	25.858 129.540 126.572 1
	85.525 163.706 173.417 1
	49.819 68.824 158.068 1
	72.811 116.385 136.771 1
	86.219 117.118 137.327 1
	28.648 135.808 129.586 1
	-26.304 126.515 145.233 1
	59.943 114.454 120.058 1
	-17.687 71.637 109.080 1
	50.134 113.961 116.482 1
	23.571 126.148 124.521 1
	37.993 112.483 114.735 1
	-2.361 170.810 46.112 1
	50.569 81.412 80.787 1
	-17.802 152.172 137.149 1
	-13.625 148.190 135.470 1
	54.081 111.532 112.982 1
	-32.212 126.675 145.508 1
	67.924 115.617 122.733 1
	69.786 99.718 176.477 1
	51.675 72.141 162.565 1
	27.794 124.189 123.301 1
	39.059 140.690 128.417 1
	5.632 114.993 169.744 1
	84.173 117.284 133.958 1
	71.499 116.614 129.798 1
	70.187 106.198 177.594 1
	12.198 130.795 126.326 1
	14.427 89.714 156.813 1
	90.000 101.969 176.523 1
	26.969 88.957 154.613 1
	-26.654 126.836 145.119 1
	19.360 109.458 143.847 1
	41.746 113.136 115.159 1
	40.101 117.388 118.253 1
	34.767 134.227 127.787 1
	45.802 109.905 111.068 1
	-16.083 143.858 135.894 1
	9.563 133.866 128.308 1
	15.613 94.647 167.527 1
	46.885 112.838 114.110 1
	45.762 112.197 114.402 1
	-11.706 174.764 67.357 1
	68.732 115.772 123.398 1
	23.898 149.869 136.370 1
	46.421 87.966 179.055 1
	22.271 118.797 119.221 1
	-8.222 126.532 146.288 1
	23.709 130.004 126.836 1
	-5.667 162.010 47.326 1
	89.593 112.340 151.713 1
	5.306 147.840 135.012 1
	-14.656 73.006 107.590 1
	36.612 113.153 114.844 1
	62.246 112.214 113.766 1
	45.567 65.420 154.487 1
	71.184 107.699 106.885 1
	21.984 141.876 135.785 1
	57.783 113.990 116.316 1
	18.438 102.800 147.061 1
	34.521 111.687 113.961 1
	58.138 112.741 114.672 1
	54.179 111.177 112.787 1
	2.807 163.029 47.240 1
	33.879 110.541 111.354 1
	45.945 91.599 178.247 1
	22.626 125.592 124.091 1
	48.209 107.103 107.533 1
	89.662 116.906 129.775 1
	25.995 154.051 135.000 1
	75.883 101.345 175.629 1
	-26.608 134.697 140.730 1
	3.690 145.508 133.648 1
	4.990 150.963 134.972 1
	13.934 176.843 136.754 1
	27.737 119.725 120.178 1
	37.523 116.935 118.110 1
	37.168 134.301 127.071 1
	57.708 139.888 149.227 1
	62.252 112.523 114.265 1
	49.905 79.057 167.997 1
	69.924 115.932 123.810 1
	4.968 178.528 133.413 1
	44.496 113.904 116.391 1
	81.291 138.134 178.786 1
	31.077 85.898 87.525 1
	73.831 115.600 126.119 1
	29.484 133.127 128.222 1
	30.785 116.585 119.135 1
	39.740 88.419 177.485 1
	18.879 133.717 128.864 1
	86.597 117.216 131.299 1
	54.351 112.598 115.491 1
	24.213 131.259 127.529 1
	3.707 157.334 44.209 1
	77.412 137.000 175.806 1
	85.474 115.823 124.481 1
	50.569 88.092 178.316 1
	36.469 132.565 126.624 1
	42.880 111.847 113.755 1
	77.091 171.899 176.265 1
	17.853 153.444 132.273 1
	85.554 116.270 51.772 1
	89.599 117.284 132.777 1
	75.797 65.856 151.312 1
	34.675 53.961 146.139 1
	17.137 103.648 107.464 1
	-7.345 148.024 134.840 1
	45.716 120.327 119.553 1
	24.626 56.362 147.199 1
	-12.720 145.251 135.717 1
	35.168 52.976 145.680 1
	39.992 111.309 114.001 1
	30.733 106.805 104.399 1
	57.594 114.832 124.349 1
	58.029 110.793 111.893 1
	20.414 132.325 128.171 1
	70.537 104.210 178.287 1
	51.853 70.216 158.961 1
	40.846 123.260 121.931 1
	12.330 107.808 145.182 1
	69.150 155.289 92.687 1
	34.080 130.514 126.366 1
	21.091 151.914 136.123 1
	59.800 115.067 123.192 1
	29.754 129.431 126.349 1
	47.510 124.670 148.333 1
	-5.254 128.532 145.354 1
	50.827 87.886 177.617 1
	88.247 114.380 147.325 1
	22.494 120.000 120.092 1
	77.974 117.055 131.614 1
	46.455 108.862 110.753 1
	77.980 115.995 137.475 1
	74.989 174.809 165.992 1
	71.603 106.960 105.000 1
	50.151 70.577 69.127 1
	86.643 117.050 137.980 1
	62.962 115.262 121.656 1
	68.417 115.875 123.873 1
	34.395 110.644 112.569 1
	47.727 85.714 175.950 1
	12.829 148.442 134.439 1
	-23.818 103.132 166.610 1
	62.046 108.100 108.066 1
	-10.955 149.874 44.072 1
	13.866 110.661 126.200 1
	76.284 145.594 157.569 1
	64.303 115.010 120.974 1
