This file is created by TexTools software, Resmat Corp.
ODF file name: file Created at Texture lab IITK

B 500 0
	41.517 71.098 19.601 1
	52.712 80.380 30.109 1
	89.949 89.719 51.858 1
	54.975 81.715 31.713 1
	45.625 73.740 21.612 1
	61.392 40.204 15.573 1
	31.650 54.259 97.397 1
	90.000 89.994 45.733 1
	34.171 63.283 103.150 1
	64.509 36.572 9.437 1
	79.876 27.301 52.535 1
	-3.850 25.445 89.765 1
	89.834 89.530 53.698 1
	37.225 66.709 105.808 1
	76.255 25.972 50.329 1
	65.294 36.096 16.553 1
	-21.016 17.630 108.873 1
	35.059 64.297 13.854 1
	70.669 24.551 49.446 1
	89.937 80.959 69.935 1
	52.374 80.151 29.754 1
	89.903 90.487 36.131 1
	5.982 57.817 0.000 1
	62.286 93.570 50.758 1
	-10.078 46.599 89.295 1
	40.250 45.006 0.000 1
	51.675 31.765 72.336 1
	46.719 104.221 65.581 1
	5.546 61.129 1.518 1
	-38.663 34.486 100.588 1
	44.444 32.922 76.266 1
	88.831 93.226 115.462 1
	39.580 45.315 1.094 1
	39.133 68.721 17.538 1
	-28.894 56.849 81.297 1
	75.991 26.568 52.523 1
	89.462 88.688 58.757 1
	47.894 16.581 34.165 1
	-0.630 43.911 90.006 1
	33.289 62.114 12.342 1
	89.834 90.441 36.566 1
	-30.424 59.106 79.945 1
	78.106 24.265 40.749 1
	-28.774 57.617 81.137 1
	28.814 38.394 84.276 1
	-42.909 33.593 102.714 1
	31.198 59.588 100.560 1
	39.230 68.824 17.510 1
	30.287 59.187 10.073 1
	89.490 91.284 31.381 1
	35.495 64.807 104.307 1
	89.954 89.376 55.038 1
	6.755 43.493 89.662 1
	90.000 90.035 42.531 1
	89.141 82.162 68.434 1
	71.104 91.719 48.346 1
	38.932 68.514 17.429 1
	79.750 27.313 52.615 1
	18.478 49.452 2.916 1
	-3.123 101.746 89.255 1
	54.013 81.217 31.140 1
	89.828 91.467 30.338 1
	48.128 77.160 26.121 1
	-0.309 40.674 90.172 1
	54.030 81.171 31.014 1
	-13.522 47.407 88.665 1
	50.575 80.804 31.369 1
	43.528 34.538 77.596 1
	27.021 49.641 93.856 1
	89.960 90.201 39.156 1
	77.619 55.967 84.391 1
	26.207 42.542 88.499 1
	-29.559 57.485 80.827 1
	-27.863 71.413 73.488 1
	52.649 80.334 30.034 1
	-31.639 60.522 78.954 1
	69.391 28.316 60.149 1
	89.954 90.739 34.211 1
	29.015 57.714 8.852 1
	15.149 54.122 2.716 1
	53.657 81.056 31.060 1
	-29.330 57.886 80.804 1
	17.321 82.552 52.443 1
	61.163 92.011 48.323 1
	46.284 75.413 24.001 1
	80.036 27.284 52.363 1
	89.994 89.994 46.031 1
	30.069 58.075 9.626 1
	40.290 44.949 0.000 1
	34.761 63.948 103.671 1
	31.902 60.441 11.213 1
	2.922 40.680 1.409 1
	45.327 74.599 23.153 1
	19.039 41.327 87.611 1
	23.457 49.080 3.484 1
	30.361 58.568 9.637 1
	89.502 99.488 19.177 1
	-1.879 100.262 88.946 1
	31.318 102.158 74.284 1
	2.469 74.679 0.000 1
	-56.081 17.326 135.419 1
	45.917 75.103 23.629 1
	38.657 43.041 87.903 1
	46.432 33.254 75.630 1
	24.689 48.971 1.868 1
	-41.992 18.415 120.739 1
	89.754 90.619 35.117 1
	-17.899 86.333 36.234 1
	89.989 89.954 47.916 1
	59.622 95.014 52.695 1
	7.162 15.464 86.253 1
	54.047 81.280 31.266 1
	89.960 89.834 50.420 1
	-37.534 67.237 73.837 1
	2.206 35.907 90.264 1
	12.983 47.240 91.215 1
	41.820 33.650 77.762 1
	-1.455 30.327 88.614 1
	89.983 90.625 35.013 1
	90.000 90.080 41.242 1
	37.958 67.506 16.478 1
	77.710 26.786 52.196 1
	53.566 80.965 30.894 1
	-37.431 34.148 100.296 1
	90.000 99.792 0.848 1
	-44.055 73.465 68.056 1
	-85.096 77.361 12.405 1
	-89.112 92.223 62.172 1
	-90.000 89.616 37.047 1
	-62.332 80.300 1.547 1
	-67.380 28.711 28.178 1
	-33.667 62.538 77.361 1
	-82.827 89.777 45.928 1
	-34.721 63.919 76.370 1
	-67.718 28.585 28.424 1
	-8.634 31.513 2.492 1
	-78.581 27.393 36.560 1
	-89.662 90.699 55.422 1
	-36.360 65.770 74.943 1
	-90.000 26.992 44.926 1
	-77.229 27.513 35.506 1
	-82.775 27.141 129.718 1
	-12.049 47.659 0.000 1
	-90.000 26.992 44.971 1
	-89.737 91.794 60.923 1
	-53.675 98.944 31.049 1
	-32.796 52.798 2.475 1
	27.554 56.488 8.102 1
	-59.250 84.253 54.322 1
	-14.954 47.464 88.413 1
	-56.545 30.716 20.712 1
	-87.748 16.008 122.516 1
	-46.788 75.842 65.529 1
	27.794 56.832 8.142 1
	-75.212 27.634 124.103 1
	-90.000 26.992 44.610 1
	-89.989 92.315 62.533 1
	-53.348 31.559 18.306 1
	10.290 82.334 21.022 1
	-31.530 59.994 79.166 1
	-90.000 26.992 44.851 1
	-90.000 91.599 60.235 1
	-76.289 27.576 124.836 1
	-41.476 35.397 101.144 1
	-22.764 44.822 0.894 1
	-89.949 89.318 34.658 1
	-20.111 56.637 85.038 1
	-85.972 27.044 41.958 1
	28.866 57.995 99.001 1
	-43.029 34.223 102.410 1
	-78.277 27.382 126.383 1
	-34.801 63.982 76.324 1
	-41.419 108.948 19.664 1
	-38.291 111.669 16.891 1
	-89.823 88.350 29.639 1
	-35.804 65.151 75.424 1
	-89.868 92.693 63.724 1
	-27.594 41.814 92.361 1
	-90.000 89.966 42.531 1
	-89.949 90.178 50.529 1
	-69.483 88.619 48.300 1
	-15.017 48.065 1.369 1
	-79.492 27.330 37.196 1
	15.521 48.902 3.094 1
	2.320 58.333 89.181 1
	-90.000 89.748 38.526 1
	-58.081 64.836 1.925 1
	-48.547 77.601 63.335 1
	-69.007 28.367 119.553 1
	-63.048 94.464 36.870 1
	-20.655 48.272 88.299 1
	-44.479 73.860 67.649 1
	-33.025 58.637 79.681 1
	-29.347 57.290 80.970 1
	-89.972 89.805 39.196 1
	-86.190 52.168 105.063 1
	-48.552 32.894 105.487 1
	-26.711 46.816 88.860 1
	17.131 75.934 107.624 1
	-56.883 96.996 33.833 1
	-29.146 57.771 80.919 1
	-60.350 41.436 71.746 1
	-89.324 88.310 29.708 1
	-5.959 49.458 0.854 1
	-10.313 123.346 0.269 1
	-54.402 98.457 31.730 1
	27.101 56.201 97.729 1
	-38.463 68.027 73.092 1
	-60.550 87.829 48.484 1
	-48.621 102.663 26.196 1
	-90.000 26.992 45.006 1
	-77.378 89.295 46.771 1
	-19.280 44.387 2.601 1
	-48.426 32.899 15.493 1
	-34.280 63.398 76.759 1
	17.275 49.246 3.392 1
	-22.701 39.483 4.074 1
	-62.899 29.502 24.758 1
	-59.353 30.023 112.770 1
	12.783 47.527 2.074 1
	-12.834 45.390 1.008 1
	-28.820 49.950 0.000 1
	-20.495 57.399 84.769 1
	-22.958 89.943 81.200 1
	28.190 57.479 8.549 1
	-90.000 23.927 132.691 1
	-27.897 49.183 1.879 1
	-33.243 59.817 78.942 1
	-84.580 27.084 131.098 1
	23.635 50.712 4.589 1
	-83.703 27.118 40.330 1
	-89.949 89.742 38.423 1
	32.699 71.167 17.687 1
	-53.468 80.907 59.175 1
	-59.759 85.365 52.082 1
	-52.855 9.259 133.551 1
	-57.061 96.881 33.988 1
	-90.000 90.229 51.245 1
	-37.426 66.921 74.015 1
	1.885 34.125 89.651 1
	-21.108 48.593 87.903 1
	-85.984 27.044 131.878 1
	-90.000 26.992 44.994 1
	-89.914 89.662 37.506 1
	-90.000 89.920 41.253 1
	37.575 67.231 16.140 1
	-90.000 26.975 44.994 1
	-60.590 94.613 37.936 1
	-90.000 26.992 134.519 1
	-89.909 88.339 29.610 1
	-44.049 106.542 111.939 1
	-84.912 102.439 167.728 1
	-89.089 87.771 117.812 1
	-90.000 90.384 142.959 1
	-62.326 99.700 178.459 1
	-67.701 151.330 151.547 1
	-33.673 117.468 102.640 1
	-82.873 90.218 134.084 1
	-34.721 116.081 103.631 1
	-67.661 151.421 151.559 1
	-2.974 144.855 177.909 1
	-78.518 152.607 143.463 1
	-89.754 89.273 124.366 1
	-36.360 114.225 105.052 1
	-90.000 153.008 135.063 1
	-77.172 152.487 144.546 1
	-6.898 167.922 87.095 1
	-11.585 132.708 178.579 1
	-90.000 153.008 135.018 1
	-89.708 88.161 118.929 1
	-75.590 71.688 154.687 1
	-79.601 96.606 177.371 1
	28.012 123.157 171.807 1
	-59.244 95.753 125.655 1
	-15.011 132.519 91.604 1
	-56.098 149.256 159.471 1
	-88.871 164.439 58.665 1
	-46.788 104.158 114.477 1
	27.714 123.094 171.784 1
	-74.633 152.315 56.362 1
	-88.757 153.003 136.020 1
	-89.324 87.840 117.875 1
	-53.337 148.436 161.631 1
	9.803 97.380 158.898 1
	-31.530 120.006 100.835 1
	-90.000 153.008 135.081 1
	-90.000 88.407 119.788 1
	-76.301 152.424 55.164 1
	-41.476 144.597 78.856 1
	-24.248 134.530 179.066 1
	-89.926 90.602 144.821 1
	-20.128 123.364 94.973 1
	-86.001 152.957 138.026 1
	28.854 122.006 81.005 1
	-43.052 145.789 77.567 1
	-80.942 152.773 51.790 1
	-34.801 116.018 103.677 1
	-41.986 71.585 159.855 1
	-47.561 67.483 154.807 1
	-90.000 91.668 150.379 1
	-35.810 114.844 104.582 1
	-89.530 87.857 117.846 1
	-27.720 138.260 87.554 1
	-90.000 90.035 137.475 1
	-89.943 89.823 129.477 1
	-69.454 91.381 131.700 1
	-16.392 132.393 177.605 1
	-79.498 152.670 142.798 1
	15.573 131.087 177.096 1
	2.292 121.748 90.814 1
	-90.000 90.252 141.486 1
	-58.064 115.176 177.989 1
	-48.552 102.393 116.677 1
	-69.013 151.633 60.447 1
	-73.379 76.140 147.411 1
	-20.661 131.723 91.708 1
	-45.630 105.126 113.440 1
	-33.031 121.352 100.331 1
	-29.353 122.699 99.030 1
	-89.972 90.195 140.816 1
	-87.221 127.197 74.914 1
	-48.581 147.113 74.513 1
	-25.921 131.809 92.349 1
	17.131 104.061 72.370 1
	-79.349 71.093 153.054 1
	-29.169 122.212 99.093 1
	-64.131 142.735 105.504 1
	-89.336 91.696 150.310 1
	-4.687 130.543 179.278 1
	-12.261 56.350 179.233 1
	-76.352 72.216 153.742 1
	27.089 123.805 82.282 1
	-45.264 105.447 113.085 1
	-60.550 92.132 131.580 1
	-71.362 72.279 155.885 1
	-90.000 153.008 134.977 1
	-77.366 90.705 133.236 1
	-16.610 134.135 178.029 1
	-48.541 147.147 164.582 1
	-34.286 116.597 103.247 1
	17.177 130.835 176.500 1
	-2.154 139.658 180.000 1
	-62.922 150.487 155.071 1
	-59.427 149.989 67.202 1
	14.673 132.158 178.986 1
	-12.834 134.107 179.026 1
	-28.911 130.314 177.628 1
	-20.546 122.590 95.249 1
	-25.491 93.289 100.743 1
	3.042 108.742 179.038 1
	-89.513 154.911 46.249 1
	-27.181 130.697 180.000 1
	-33.243 120.189 101.053 1
	-84.591 152.917 48.890 1
	22.403 131.603 177.577 1
	-83.709 152.882 139.664 1
	-89.954 90.264 141.652 1
	32.882 108.891 162.118 1
	-53.468 99.099 120.820 1
	-59.759 94.624 127.936 1
	-62.412 170.174 7.397 1
	-77.395 72.840 149.582 1
	-89.960 89.771 128.767 1
	-45.458 105.287 113.251 1
	1.891 145.858 90.350 1
	-21.108 131.402 92.097 1
	-86.001 152.957 48.111 1
	-90.000 153.008 134.995 1
	-89.909 90.338 142.500 1
	-89.989 90.080 138.759 1
	37.580 112.758 163.854 1
	-89.742 153.043 135.132 1
	-60.573 85.365 142.099 1
	-90.000 153.008 45.298 1
	-88.631 93.535 155.455 1
	46.387 75.504 114.116 1
	52.706 99.620 149.891 1
	89.920 90.281 128.153 1
	54.975 98.279 148.293 1
	44.777 106.266 158.079 1
	64.515 143.314 170.753 1
	31.639 125.764 82.621 1
	90.000 90.006 134.278 1
	34.165 116.723 76.857 1
	64.200 143.027 169.865 1
	79.876 152.699 127.466 1
	-28.115 152.063 79.360 1
	89.800 90.470 126.314 1
	37.214 113.302 74.187 1
	76.255 154.028 129.666 1
	64.882 143.474 164.021 1
	26.064 164.949 113.801 1
	35.059 115.703 166.141 1
	70.697 155.449 130.554 1
	88.866 98.990 110.478 1
	52.374 99.849 150.252 1
	89.909 89.513 143.875 1
	6.280 122.149 178.379 1
	62.286 86.454 129.271 1
	-10.250 133.379 90.722 1
	40.130 134.513 180.000 1
	51.595 148.213 107.590 1
	46.719 75.785 114.425 1
	6.830 118.826 179.227 1
	-38.818 145.554 79.337 1
	-69.460 157.518 40.250 1
	88.751 86.757 64.561 1
	39.093 134.043 178.121 1
	39.127 111.280 162.462 1
	-28.900 123.146 98.709 1
	76.089 153.536 127.775 1
	89.393 91.307 121.324 1
	41.941 163.339 139.189 1
	-0.636 136.089 89.994 1
	33.295 117.886 167.653 1
	89.886 89.565 143.446 1
	-30.430 120.888 100.061 1
	78.123 155.759 139.372 1
	-28.780 122.372 98.858 1
	28.780 141.595 95.707 1
	-43.012 146.437 77.246 1
	31.186 120.424 79.452 1
	39.230 111.182 162.485 1
	25.772 124.429 172.947 1
	89.393 88.694 148.637 1
	35.483 115.210 75.711 1
	89.920 90.533 125.695 1
	6.537 136.501 90.321 1
	90.000 89.966 137.475 1
	89.284 97.678 111.761 1
	71.098 88.281 131.660 1
	38.927 111.486 162.571 1
	79.756 152.688 127.386 1
	18.266 130.216 176.465 1
	-10.686 66.377 83.520 1
	54.013 98.784 148.866 1
	89.891 88.499 149.771 1
	48.128 102.846 153.879 1
	-0.384 139.326 89.823 1
	54.030 98.829 148.986 1
	-13.528 132.594 91.341 1
	49.481 78.489 117.823 1
	43.505 145.457 102.405 1
	27.032 130.434 86.213 1
	89.972 89.800 140.862 1
	77.745 125.724 97.701 1
	26.092 137.395 91.421 1
	-29.570 122.510 99.179 1
	-27.874 108.593 106.513 1
	52.643 99.672 149.972 1
	-31.644 119.479 101.047 1
	69.391 151.685 119.851 1
	89.937 89.261 145.801 1
	29.015 122.286 171.148 1
	15.235 125.873 177.376 1
	53.657 98.950 148.946 1
	-29.341 122.103 99.202 1
	46.845 75.940 114.614 1
	61.169 88.001 131.666 1
	46.284 104.582 156.005 1
	80.163 152.722 127.701 1
	90.000 90.006 133.975 1
	30.080 132.554 177.233 1
	40.050 134.771 178.459 1
	34.761 116.058 76.335 1
	31.902 119.559 168.782 1
	7.953 139.217 180.000 1
	45.327 105.401 156.853 1
	19.148 138.684 92.407 1
	22.208 132.204 178.098 1
	30.384 121.341 170.277 1
	89.485 80.501 160.824 1
	-1.994 79.286 89.301 1
	32.819 75.619 106.668 1
	28.046 121.364 171.108 1
	-29.897 152.636 78.249 1
	45.911 104.897 156.372 1
	38.657 136.966 92.109 1
	46.410 146.740 104.359 1
	24.866 129.225 174.935 1
	27.548 166.353 114.225 1
	89.788 89.376 144.895 1
	-15.957 102.330 137.819 1
	89.989 90.046 132.090 1
	59.622 84.998 127.323 1
	8.675 164.301 94.968 1
	54.041 98.726 148.740 1
	89.954 90.166 129.586 1
	48.329 77.292 116.236 1
	1.965 144.133 89.685 1
	12.983 132.760 88.786 1
	41.780 146.345 102.221 1
	-5.466 148.895 89.949 1
	89.994 89.376 144.998 1
	89.960 89.920 138.770 1
	37.958 112.495 163.522 1
	87.164 157.386 169.372 1
	53.560 99.041 149.112 1
	-37.391 145.841 79.721 1
	89.897 80.014 178.711 1
