This file is created by TexTools software, Resmat Corp.
ODF file name: file Created at Texture lab IITK

B 1000 0
	47.068 62.223 68.870 1
	36.635 78.455 1.301 1
	28.212 31.925 21.721 1
	85.359 56.087 25.405 1
	79.452 65.730 77.928 1
	7.116 45.373 28.883 1
	30.355 24.385 10.101 1
	74.421 44.771 33.128 1
	63.638 87.422 87.777 1
	24.259 91.759 1.782 1
	79.882 67.391 68.285 1
	62.229 105.516 40.279 1
	76.759 48.501 52.065 1
	13.665 66.555 46.072 1
	18.856 52.781 50.844 1
	7.437 54.500 28.917 1
	82.764 67.970 74.032 1
	45.338 33.220 23.377 1
	72.949 64.074 45.201 1
	12.427 26.912 116.734 1
	41.156 67.907 45.779 1
	27.846 31.249 97.460 1
	76.570 111.257 19.990 1
	71.906 56.677 17.681 1
	43.442 3.472 38.915 1
	71.717 53.067 12.376 1
	85.382 107.607 48.054 1
	33.237 28.614 105.447 1
	83.302 98.572 27.788 1
	86.391 109.206 13.155 1
	84.958 63.192 71.820 1
	45.842 111.813 52.111 1
	55.268 18.249 7.752 1
	64.876 66.681 69.712 1
	71.058 103.682 26.562 1
	19.584 42.949 38.371 1
	45.258 64.062 131.431 1
	44.398 68.079 57.382 1
	22.002 33.392 47.916 1
	23.927 69.357 1.306 1
	22.471 42.576 119.359 1
	78.696 34.486 19.859 1
	66.561 47.298 44.398 1
	52.557 81.939 0.000 1
	15.837 77.452 0.000 1
	82.947 62.974 77.664 1
	12.748 55.164 58.803 1
	33.776 77.389 86.224 1
	32.561 60.178 38.491 1
	38.818 79.389 1.157 1
	33.764 46.152 28.052 1
	42.095 64.160 48.696 1
	89.823 54.465 65.925 1
	40.497 69.259 67.827 1
	11.001 65.982 45.046 1
	49.303 78.713 1.518 1
	54.729 90.779 12.061 1
	7.741 37.752 116.408 1
	46.496 58.075 1.490 1
	42.479 64.595 135.929 1
	32.682 30.923 26.402 1
	-73.894 3.690 151.925 1
	69.838 108.988 21.234 1
	72.989 30.951 15.625 1
	-5.621 34.418 55.004 1
	72.903 105.539 13.126 1
	13.447 72.617 38.526 1
	56.030 32.183 36.486 1
	43.596 75.098 71.024 1
	68.675 48.025 58.425 1
	75.797 71.597 4.429 1
	38.079 35.953 51.921 1
	-40.669 35.071 58.190 1
	12.989 73.316 43.339 1
	48.346 69.225 0.252 1
	64.653 64.670 45.086 1
	24.500 98.314 88.912 1
	60.911 49.223 28.889 1
	50.185 53.818 29.817 1
	85.354 54.517 32.928 1
	87.955 18.547 37.546 1
	47.315 66.784 0.728 1
	16.839 27.651 54.391 1
	56.814 21.337 20.443 1
	19.738 36.898 119.301 1
	65.008 88.728 15.539 1
	30.733 54.505 42.783 1
	79.750 51.457 28.911 1
	51.200 73.132 3.409 1
	83.841 55.537 75.023 1
	5.174 30.648 103.098 1
	64.750 46.318 23.039 1
	35.397 57.164 31.616 1
	-15.212 57.015 46.518 1
	68.915 95.575 12.995 1
	30.218 38.967 44.731 1
	34.148 31.364 92.321 1
	55.101 37.552 27.078 1
	89.931 68.726 53.887 1
	15.143 76.765 0.000 1
	86.150 109.097 13.264 1
	-7.620 32.492 55.646 1
	63.151 26.465 15.825 1
	32.252 92.825 1.421 1
	81.463 107.521 11.167 1
	27.966 52.386 121.943 1
	10.445 68.096 41.809 1
	46.238 62.017 1.564 1
	73.407 59.444 71.815 1
	6.291 70.497 46.541 1
	67.592 52.936 34.022 1
	21.102 18.541 16.782 1
	33.266 51.813 33.913 1
	17.263 11.402 117.640 1
	27.049 72.445 58.562 1
	-8.554 65.609 35.523 1
	2.343 66.486 31.564 1
	54.500 78.667 73.396 1
	-8.296 77.229 42.582 1
	75.779 51.990 70.422 1
	66.687 101.820 13.969 1
	53.801 95.443 28.138 1
	24.809 45.888 52.013 1
	43.665 65.890 49.217 1
	51.182 60.974 0.000 1
	89.507 66.767 45.172 1
	65.586 58.402 62.624 1
	66.423 111.618 19.131 1
	57.147 28.149 16.530 1
	30.132 113.898 38.663 1
	86.144 54.929 18.037 1
	47.344 100.606 41.774 1
	44.141 62.641 0.000 1
	36.434 43.149 21.618 1
	43.350 46.192 29.186 1
	21.824 58.270 54.735 1
	37.265 34.595 2.515 1
	36.194 66.887 56.671 1
	-15.229 42.852 55.182 1
	21.108 48.730 39.093 1
	51.509 61.696 0.000 1
	22.815 63.547 47.550 1
	35.638 65.735 46.742 1
	-33.461 22.070 130.892 1
	80.862 68.211 59.800 1
	33.083 23.188 3.312 1
	48.593 85.611 1.003 1
	26.774 38.400 30.957 1
	10.955 81.354 1.902 1
	28.625 30.648 13.757 1
	10.313 36.068 110.650 1
	82.580 49.303 21.709 1
	24.442 28.253 20.334 1
	6.434 68.583 53.675 1
	60.252 39.059 22.128 1
	72.445 44.696 40.216 1
	31.031 85.829 0.000 1
	76.410 49.337 20.655 1
	49.956 97.517 27.405 1
	67.666 35.816 25.749 1
	34.847 116.820 45.441 1
	19.687 61.742 42.817 1
	69.964 60.756 52.065 1
	52.832 60.166 75.544 1
	-14.593 24.185 148.803 1
	69.884 45.246 26.448 1
	73.172 112.661 22.586 1
	47.682 27.634 6.835 1
	32.212 68.297 58.917 1
	47.183 27.256 87.405 1
	-28.969 30.527 133.986 1
	60.126 97.317 19.251 1
	31.186 65.397 0.000 1
	6.222 31.604 45.287 1
	11.155 25.210 28.430 1
	-17.922 30.367 135.894 1
	22.964 43.562 27.021 1
	24.299 53.915 50.976 1
	65.243 53.119 37.643 1
	63.913 53.337 20.655 1
	78.318 39.036 17.343 1
	44.725 88.705 1.324 1
	62.000 49.756 50.449 1
	-26.614 30.470 148.356 1
	67.007 51.876 30.470 1
	67.689 61.203 24.534 1
	51.274 75.716 66.606 1
	78.610 98.623 99.586 1
	11.602 46.965 48.776 1
	45.241 65.214 1.169 1
	49.148 83.778 0.424 1
	17.853 55.313 28.556 1
	89.462 47.888 38.090 1
	65.220 77.006 65.615 1
	24.505 57.611 42.662 1
	-20.008 13.212 160.004 1
	62.590 50.982 28.058 1
	82.976 47.750 57.737 1
	34.979 94.532 0.997 1
	39.551 54.471 40.342 1
	20.838 35.535 40.485 1
	58.344 38.119 24.500 1
	53.537 104.702 43.424 1
	86.190 66.400 77.080 1
	87.113 70.502 42.628 1
	75.533 107.258 37.569 1
	23.680 87.313 0.980 1
	-9.202 36.182 109.309 1
	-9.500 32.830 59.765 1
	66.727 99.374 36.022 1
	32.447 69.288 0.000 1
	-22.620 33.197 59.175 1
	23.233 75.332 0.000 1
	58.808 47.137 27.410 1
	50.718 46.232 35.145 1
	72.193 55.508 36.480 1
	52.769 63.696 75.178 1
	26.499 58.619 33.730 1
	73.889 108.896 27.531 1
	51.452 109.429 18.438 1
	41.362 58.837 55.210 1
	46.329 99.614 41.688 1
	29.507 30.516 104.072 1
	66.394 59.158 18.770 1
	45.888 90.608 29.628 1
	9.431 37.775 106.009 1
	43.149 45.579 24.534 1
	51.217 70.038 0.791 1
	8.382 79.847 0.000 1
	39.935 102.038 3.994 1
	39.122 59.101 125.128 1
	31.301 44.674 55.818 1
	90.000 43.413 40.714 1
	28.860 65.907 57.892 1
	51.480 27.886 41.270 1
	66.142 33.810 9.631 1
	75.224 65.357 35.054 1
	63.638 65.266 74.439 1
	29.805 50.495 123.793 1
	69.603 33.317 24.729 1
	48.146 38.520 39.941 1
	35.174 41.941 58.757 1
	49.710 109.263 13.493 1
	12.009 61.243 58.258 1
	31.306 80.197 0.000 1
	55.182 61.261 63.971 1
	-3.896 29.805 128.090 1
	15.487 64.630 48.782 1
	32.676 32.762 91.318 1
	72.445 58.917 68.623 1
	-56.648 87.577 82.397 1
	-42.193 60.711 17.550 1
	-45.281 80.059 27.926 1
	-90.000 57.399 21.979 1
	-89.754 60.413 68.044 1
	-22.431 22.105 68.554 1
	-46.851 19.630 2.223 1
	-78.810 52.208 18.547 1
	-58.774 64.773 110.736 1
	-28.957 75.161 18.174 1
	-74.479 51.045 61.885 1
	-47.739 109.040 53.875 1
	-52.128 59.347 101.975 1
	-31.037 118.012 75.384 1
	15.195 40.858 52.271 1
	-40.669 39.248 68.319 1
	-89.782 64.349 67.431 1
	-53.073 34.360 73.631 1
	-74.318 68.921 26.408 1
	-10.491 14.645 11.579 1
	-24.906 59.513 56.671 1
	-88.849 24.574 87.915 1
	-89.639 114.529 25.096 1
	-45.837 74.737 17.406 1
	-61.433 45.310 72.473 1
	-49.292 75.235 11.270 1
	-77.974 105.441 54.849 1
	-31.255 38.021 68.933 1
	-82.987 101.918 34.246 1
	-88.316 112.122 17.217 1
	-63.959 84.935 102.961 1
	-39.849 105.969 46.221 1
	-32.573 20.128 0.000 1
	-57.153 107.349 70.422 1
	-51.308 63.667 8.967 1
	-24.855 16.753 68.749 1
	-65.065 23.835 87.359 1
	-47.865 110.890 77.808 1
	-35.065 84.867 91.415 1
	-17.561 88.012 20.105 1
	-27.680 34.830 66.056 1
	-58.465 70.439 23.021 1
	-60.304 61.834 6.217 1
	-39.351 65.329 19.137 1
	1.776 113.062 13.843 1
	-90.000 59.227 70.772 1
	-16.117 67.712 54.265 1
	-57.703 83.732 90.109 1
	43.963 64.630 2.131 1
	6.772 109.509 25.267 1
	-31.725 64.727 47.641 1
	-22.145 89.771 59.055 1
	-77.000 51.417 59.656 1
	-23.589 94.309 77.447 1
	-5.477 94.206 64.807 1
	-23.852 60.659 19.779 1
	-58.344 60.224 18.615 1
	-4.824 29.673 64.114 1
	-19.693 39.494 16.123 1
	-26.832 48.805 57.112 1
	-37.363 13.350 7.236 1
	22.311 20.489 35.145 1
	-48.879 69.746 13.974 1
	-90.000 58.247 122.057 1
	16.627 29.055 32.899 1
	-45.905 73.132 11.648 1
	-12.382 32.040 46.788 1
	-26.711 79.200 12.026 1
	-28.682 109.859 66.543 1
	-57.347 55.147 105.860 1
	-82.626 51.560 59.043 1
	-61.954 60.659 112.156 1
	7.082 13.310 108.902 1
	-2.166 29.020 37.855 1
	-36.646 52.437 20.111 1
	-37.718 65.140 31.914 1
	-16.816 53.182 57.221 1
	-89.295 43.533 13.602 1
	17.888 52.168 1.793 1
	-89.754 55.457 29.106 1
	-35.598 38.910 75.693 1
	-26.734 52.179 13.946 1
	20.667 15.315 177.141 1
	-89.496 27.187 100.772 1
	-25.096 34.664 62.212 1
	-55.812 54.477 14.089 1
	-33.495 109.842 81.228 1
	-84.511 56.769 15.367 1
	-60.241 53.394 18.283 1
	-89.725 73.499 103.872 1
	-88.132 23.188 78.054 1
	-28.929 87.256 26.986 1
	-33.340 50.059 63.850 1
	3.873 31.375 28.424 1
	-55.926 59.920 16.026 1
	-0.997 54.626 42.382 1
	-89.169 20.649 48.690 1
	-87.502 13.018 89.697 1
	-89.273 68.595 53.268 1
	-6.388 118.379 17.533 1
	-88.344 112.105 17.275 1
	-11.545 34.635 32.934 1
	-37.534 11.402 15.779 1
	-29.616 70.302 17.372 1
	-44.891 73.602 10.949 1
	-38.085 54.500 56.339 1
	-13.167 63.999 49.057 1
	-14.794 36.538 19.567 1
	-89.628 92.464 104.685 1
	-12.937 85.543 69.781 1
	-35.867 64.005 20.426 1
	-9.219 40.457 53.423 1
	-32.899 61.249 48.610 1
	38.881 13.631 27.725 1
	-16.753 108.925 66.475 1
	-16.117 40.714 37.116 1
	-21.056 43.459 44.335 1
	-54.855 72.743 110.736 1
	13.298 94.670 22.695 1
	-80.392 65.059 72.748 1
	-52.219 67.042 15.533 1
	-35.604 60.573 7.540 1
	-10.199 30.688 46.123 1
	-20.747 88.402 60.149 1
	-18.243 37.202 20.690 1
	-79.859 67.695 39.500 1
	-60.247 61.387 110.839 1
	-52.529 74.003 16.272 1
	-42.525 12.531 17.206 1
	-23.698 93.977 27.204 1
	-90.000 56.345 15.258 1
	-39.213 107.601 42.204 1
	-9.104 34.332 17.498 1
	-30.504 69.740 47.985 1
	-30.264 74.622 37.196 1
	-14.227 75.304 83.302 1
	-40.651 68.193 53.342 1
	-37.850 107.349 80.403 1
	35.558 34.097 27.107 1
	-20.816 25.680 64.555 1
	1.283 119.106 18.948 1
	-27.181 118.969 72.095 1
	-15.252 115.514 77.074 1
	-6.159 35.013 54.603 1
	-74.347 83.090 63.879 1
	-7.517 88.768 51.841 1
	-53.113 66.171 18.260 1
	-31.490 60.860 42.737 1
	-3.810 109.017 14.759 1
	-22.019 23.440 10.577 1
	-17.045 43.212 61.158 1
	-84.849 54.185 13.069 1
	-31.100 27.473 62.258 1
	-8.365 79.933 82.288 1
	-89.135 16.702 93.524 1
	-75.206 45.877 54.746 1
	-0.155 81.131 2.710 1
	-82.305 52.219 47.647 1
	-29.817 55.176 14.507 1
	-33.042 49.916 41.837 1
	-11.516 99.425 19.297 1
	-46.902 52.305 55.611 1
	-86.161 72.978 77.378 1
	-55.898 90.562 75.241 1
	-81.119 15.716 171.635 1
	-35.947 61.776 10.766 1
	-77.756 62.349 20.351 1
	-41.075 70.491 51.807 1
	-36.028 106.307 76.702 1
	-33.065 27.662 0.000 1
	86.763 16.639 0.000 1
	-58.339 59.404 18.409 1
	-15.481 43.636 14.966 1
	-19.572 35.678 42.187 1
	-68.933 7.489 123.679 1
	49.337 6.549 43.814 1
	-18.994 75.012 69.127 1
	-11.505 83.182 81.205 1
	-32.773 57.290 20.592 1
	-62.275 21.314 23.211 1
	-60.481 75.630 27.084 1
	-43.774 91.186 1.238 1
	-59.049 64.406 97.747 1
	47.481 9.236 145.245 1
	-36.222 64.280 19.956 1
	-89.863 61.358 16.570 1
	-43.585 89.078 99.368 1
	-56.700 61.484 105.138 1
	-33.088 46.696 41.035 1
	-26.539 60.103 3.386 1
	-38.468 62.515 24.150 1
	-41.110 52.918 59.777 1
	-68.749 52.832 24.334 1
	-50.357 64.120 70.279 1
	-25.279 37.437 58.167 1
	24.276 12.221 175.543 1
	-89.295 68.107 30.802 1
	-84.127 51.068 64.091 1
	-51.326 95.266 1.318 1
	-10.657 68.933 59.674 1
	-37.609 88.602 94.710 1
	-26.224 6.205 72.892 1
	-38.021 110.506 43.986 1
	-87.708 63.255 72.428 1
	-88.172 70.800 39.683 1
	-85.863 107.819 48.856 1
	5.117 111.790 23.761 1
	-16.369 23.990 70.531 1
	41.350 23.990 21.096 1
	-47.825 113.543 42.370 1
	-15.023 89.313 18.455 1
	59.983 7.815 3.295 1
	-6.073 116.757 18.243 1
	-56.900 54.901 54.208 1
	-41.499 8.394 31.295 1
	-62.395 69.941 10.090 1
	-55.399 99.064 69.316 1
	-37.821 51.268 60.607 1
	-75.269 88.470 1.673 1
	-46.765 74.599 18.455 1
	5.890 64.968 58.264 1
	-37.930 112.105 37.454 1
	-39.609 22.620 88.069 1
	-43.327 75.424 25.605 1
	-2.137 50.231 16.226 1
	-23.153 47.349 62.985 1
	-27.170 72.313 44.759 1
	-60.143 53.675 18.346 1
	-5.145 108.816 12.977 1
	-47.046 103.087 0.963 1
	-28.820 51.979 60.648 1
	-24.242 64.383 21.956 1
	-74.479 45.682 28.407 1
	-35.947 107.315 74.433 1
	-82.116 54.150 126.377 1
	-39.018 19.211 9.969 1
	-75.241 73.602 21.417 1
	-48.799 76.289 96.944 1
	-33.547 54.173 53.331 1
	-89.748 56.373 123.925 1
	-47.939 64.962 51.039 1
	-54.288 54.689 57.536 1
	-47.762 75.132 21.824 1
	-11.791 26.224 46.639 1
	8.451 113.835 20.838 1
	-48.976 76.633 98.073 1
	-25.078 8.560 80.988 1
	-19.177 58.614 65.598 1
	-89.015 22.460 49.744 1
	-89.507 56.878 63.690 1
	-45.711 114.402 72.668 1
	-22.821 113.938 163.345 1
	-27.617 149.038 111.268 1
	-75.619 125.501 125.363 1
	-64.939 105.201 84.867 1
	4.240 176.901 99.454 1
	-29.691 151.576 105.917 1
	-87.829 124.991 176.362 1
	-63.014 80.552 101.465 1
	-22.219 95.896 172.483 1
	-83.766 121.587 70.520 1
	-65.724 74.141 132.737 1
	-50.432 87.628 112.638 1
	1.633 90.189 114.752 1
	10.594 139.332 129.042 1
	-23.973 113.469 133.115 1
	-76.857 107.945 79.372 1
	-39.408 142.558 119.720 1
	-76.066 115.898 133.173 1
	-44.610 146.121 114.494 1
	-31.026 132.107 121.026 1
	-61.811 133.889 107.848 1
	-59.519 86.666 180.000 1
	-60.407 127.225 117.462 1
	-62.160 160.680 125.587 1
	-80.111 121.037 177.858 1
	-87.250 72.554 138.914 1
	-46.352 157.644 96.927 1
	-88.980 83.617 178.769 1
	-74.089 83.182 178.620 1
	-69.844 110.736 75.688 1
	-36.022 57.342 148.373 1
	-76.553 155.879 137.877 1
	-57.279 109.211 74.353 1
	-48.151 107.177 179.708 1
	-60.338 152.905 144.380 1
	-45.287 115.720 131.563 1
	-37.019 69.975 103.872 1
	-46.570 109.498 71.499 1
	-11.287 116.012 171.074 1
	-21.801 140.335 117.388 1
	-78.449 139.275 115.886 1
	-65.380 132.691 135.545 1
	-40.222 114.958 160.680 1
	-4.280 111.291 167.791 1
	-77.819 112.982 83.067 1
	-16.902 120.464 151.736 1
	-31.919 93.793 95.667 1
	-33.570 116.643 130.955 1
	-9.076 108.048 156.544 1
	-37.741 125.524 124.080 1
	-28.436 130.434 130.056 1
	-89.542 125.483 66.188 1
	-35.432 75.252 105.264 1
	-9.574 117.674 132.113 1
	-34.372 124.933 156.629 1
	-56.551 115.342 164.089 1
	-5.838 140.472 116.161 1
	-14.536 124.005 171.498 1
	-36.893 133.568 122.086 1
	-41.018 149.771 115.812 1
	19.515 158.297 136.748 1
	-44.410 93.656 178.883 1
	-72.674 137.659 116.901 1
	11.648 144.597 144.637 1
	-62.149 88.751 178.740 1
	-16.238 111.761 132.869 1
	-56.190 147.468 126.555 1
	-43.344 104.410 71.700 1
	-60.991 92.367 104.227 1
	-52.701 113.205 175.932 1
	-54.844 88.665 99.889 1
	-28.654 149.754 41.895 1
	-12.817 106.272 132.984 1
	-30.728 121.255 166.358 1
	-71.282 115.170 130.079 1
	-5.323 74.931 104.347 1
	45.430 141.927 176.821 1
	70.227 134.863 177.267 1
	-81.062 126.108 126.589 1
	-88.780 161.442 38.354 1
	-34.114 123.742 169.802 1
	90.000 172.947 72.978 1
	-39.975 153.587 124.607 1
	-19.188 143.245 119.164 1
	-65.999 103.579 180.000 1
	-23.927 83.354 94.876 1
	-76.467 129.213 121.839 1
	-54.334 127.924 160.314 1
	-82.477 123.788 76.198 1
	54.471 122.504 180.000 1
	-65.466 126.715 119.164 1
	-39.150 109.813 132.961 1
	14.301 125.214 138.180 1
	-64.057 97.924 180.000 1
	22.724 145.520 137.682 1
	-30.676 149.599 180.000 1
	-55.961 136.507 121.954 1
	-89.914 111.343 143.698 1
	-4.721 110.535 169.928 1
	-74.003 83.211 178.769 1
	-9.866 131.500 152.143 1
	-49.698 150.178 116.511 1
	-34.727 103.270 161.992 1
	-71.373 84.099 178.579 1
	-28.642 123.948 124.853 1
	-10.244 112.529 131.276 1
	-11.155 120.716 167.183 1
	-67.976 118.046 75.573 1
	-3.191 117.382 129.964 1
	-70.107 126.635 121.874 1
	-16.163 144.282 126.406 1
	-36.194 118.826 131.339 1
	-15.521 169.063 131.689 1
	-33.650 103.058 64.057 1
	-9.471 126.807 140.696 1
	-34.251 116.826 148.499 1
	-53.686 73.402 102.250 1
	3.323 111.790 140.948 1
	-71.070 126.079 74.353 1
	-59.857 92.149 180.000 1
	-84.460 109.888 168.054 1
	-4.372 117.227 127.225 1
	-13.505 71.299 104.061 1
	-8.400 118.562 165.275 1
	-90.000 113.423 134.909 1
	-56.975 84.208 104.828 1
	-54.712 83.956 179.456 1
	-47.590 146.935 116.585 1
	-10.456 118.195 163.488 1
	-85.990 121.450 177.989 1
	-36.297 60.842 147.560 1
	-8.457 120.648 167.779 1
	-51.446 116.906 123.581 1
	-43.826 132.691 119.949 1
	-39.339 98.079 77.790 1
	-33.862 120.356 119.462 1
	-46.937 100.440 68.675 1
	15.544 135.464 143.996 1
	-53.239 179.473 30.596 1
	-8.096 117.187 164.697 1
	-36.939 67.678 97.260 1
	-19.314 94.223 116.345 1
	-0.258 165.694 115.818 1
	-74.227 100.829 73.333 1
	-29.467 129.718 122.687 1
	-49.463 112.323 163.419 1
	-34.572 124.624 132.319 1
	-0.590 105.848 168.679 1
	-26.562 121.530 130.663 1
	-33.151 148.104 109.555 1
	-89.588 99.712 155.570 1
	-50.426 169.401 74.931 1
	26.219 122.367 117.279 1
	52.403 137.539 178.602 1
	-76.089 135.018 127.002 1
	-20.260 108.220 161.282 1
	-69.465 131.987 118.648 1
	-63.083 83.010 178.196 1
	-68.440 139.223 119.840 1
	-10.118 78.679 160.652 1
	-39.740 107.315 150.934 1
	-83.010 119.674 131.866 1
	-50.334 118.425 77.670 1
	14.908 154.573 58.069 1
	-67.924 135.195 118.356 1
	-47.452 89.450 178.557 1
	-33.827 122.120 117.674 1
	-49.538 103.539 70.611 1
	-90.000 159.878 48.879 1
	-34.652 145.382 120.934 1
	-55.250 110.930 171.400 1
	-13.390 127.380 167.997 1
	30.648 177.995 176.683 1
	-6.182 169.842 175.766 1
	-18.461 156.526 125.168 1
	-25.210 125.312 126.561 1
	-9.024 84.935 102.588 1
	-46.249 125.059 147.348 1
	-42.874 149.422 177.984 1
	-77.871 133.201 114.838 1
	-39.975 108.146 159.764 1
	-71.637 121.605 76.782 1
	-5.523 159.047 50.380 1
	-68.617 127.787 119.009 1
	-54.024 144.122 179.078 1
	-47.876 69.047 101.964 1
	-81.985 79.057 101.551 1
	-19.171 122.533 145.732 1
	-33.936 120.499 172.380 1
	-35.770 116.901 156.589 1
	-27.937 116.339 128.744 1
	-88.820 132.273 129.070 1
	-30.699 51.629 112.861 1
	-18.518 123.558 128.354 1
	88.579 173.664 51.790 1
	-36.257 151.547 109.830 1
	-73.591 122.120 74.198 1
	-34.916 101.459 162.187 1
	-24.322 138.822 126.864 1
	-20.260 94.045 99.758 1
	-59.416 140.581 115.273 1
	-36.022 61.965 142.454 1
	-84.666 112.701 78.232 1
	-86.952 109.509 132.611 1
	-84.219 72.038 132.903 1
	-12.622 104.737 163.173 1
	-14.588 147.411 108.066 1
	9.288 146.013 148.837 1
	-75.098 79.578 130.331 1
	-11.327 116.408 168.530 1
	-9.838 159.884 56.385 1
	-4.658 108.845 169.441 1
	-59.548 128.560 121.037 1
	-70.245 172.260 73.585 1
	-79.607 123.232 122.080 1
	-49.784 114.838 76.702 1
	-30.848 115.875 129.523 1
	-84.019 86.282 161.517 1
	-35.266 87.685 180.000 1
	-31.650 78.180 104.691 1
	-36.314 59.318 149.725 1
	-32.389 137.246 115.932 1
	-63.065 122.178 111.400 1
	-52.626 87.393 123.392 1
	-32.968 144.723 105.791 1
	-46.977 131.127 114.826 1
	-39.391 130.422 160.984 1
	1.404 106.461 169.956 1
	-30.052 105.252 149.748 1
	-39.196 120.470 125.466 1
	-32.326 134.215 146.345 1
	-89.559 136.822 130.485 1
	-46.014 105.092 69.397 1
	-50.111 154.475 130.743 1
	-6.635 148.637 175.073 1
	-83.744 112.684 122.023 1
	-60.877 113.463 75.527 1
	-30.751 125.655 126.790 1
	-70.050 141.956 118.797 1
	-46.255 144.420 128.388 1
	-34.796 138.427 148.602 1
	-49.446 92.567 171.372 1
	-11.413 119.530 147.674 1
	-15.395 109.269 163.958 1
	-43.671 79.343 108.111 1
	5.351 149.204 128.108 1
	-1.839 125.432 125.501 1
	-33.295 146.517 178.138 1
	-64.664 116.809 75.802 1
	47.676 115.984 106.748 1
	44.083 77.653 154.068 1
	46.089 99.494 117.153 1
	89.118 103.619 158.646 1
	89.370 71.671 128.497 1
	18.524 144.746 148.224 1
	56.018 164.399 175.898 1
	73.281 120.424 177.772 1
	60.625 116.035 112.277 1
	-20.478 117.903 151.845 1
	83.503 130.548 103.751 1
	48.959 74.009 146.511 1
	56.219 122.773 105.424 1
	-1.358 100.715 105.184 1
	32.240 131.757 131.889 1
	34.526 147.462 162.583 1
	90.000 115.199 68.171 1
	20.512 126.589 138.845 1
	69.500 109.527 113.893 1
	88.889 167.859 172.202 1
	41.952 103.006 125.294 1
	86.752 138.163 177.892 1
	61.352 61.031 137.567 1
	65.008 99.454 94.366 1
	55.686 123.220 104.817 1
	89.244 115.737 178.133 1
	73.997 75.292 146.832 1
	31.261 142.328 69.288 1
	68.371 126.738 176.253 1
	87.875 72.771 178.012 1
	60.613 89.078 102.050 1
	42.233 79.166 140.850 1
	31.438 142.758 159.930 1
	51.045 99.443 100.101 1
	60.642 113.406 178.339 1
	21.463 143.457 144.603 1
	27.479 128.870 59.656 1
	40.067 108.598 118.969 1
	37.317 111.303 110.959 1
	45.911 85.262 148.654 1
	27.725 143.119 64.223 1
	59.083 109.796 113.423 1
	60.355 118.110 96.561 1
	34.326 96.555 180.000 1
	-33.243 122.086 128.171 1
	89.651 120.218 71.551 1
	17.023 113.956 142.993 1
	55.840 103.837 97.666 1
	36.251 121.370 142.798 1
	32.985 77.160 154.802 1
	38.033 106.478 129.540 1
	40.502 107.029 121.839 1
	80.919 127.563 62.005 1
	39.322 110.862 114.861 1
	-16.381 131.213 69.368 1
	41.396 102.622 178.602 1
	66.154 118.442 180.000 1
	4.257 149.553 63.627 1
	42.840 88.935 148.213 1
	43.969 109.412 42.599 1
	18.300 120.711 133.763 1
	-0.699 155.890 131.975 1
	55.537 103.551 180.000 1
	88.728 146.603 178.058 1
	-4.051 150.539 124.607 1
	51.835 64.687 144.792 1
	11.339 149.576 137.487 1
	59.622 114.540 111.818 1
	29.639 70.743 67.237 1
	57.886 125.094 106.324 1
	55.577 112.053 178.654 1
	60.705 118.872 111.154 1
	0.619 166.983 148.069 1
	3.209 150.075 127.821 1
	33.615 110.673 178.207 1
	40.703 110.466 118.448 1
	42.175 105.046 121.771 1
	89.490 145.394 178.992 1
	24.666 111.595 137.418 1
	90.000 124.721 119.668 1
	35.609 141.120 75.745 1
	28.023 107.504 174.053 1
	25.159 171.738 123.266 1
	87.869 161.866 178.408 1
	25.164 144.689 61.662 1
	66.509 114.397 178.327 1
	38.463 100.336 112.334 1
	77.664 128.257 135.854 1
	45.017 114.678 177.800 1
	85.531 100.142 102.582 1
	89.095 157.065 167.103 1
	59.880 99.007 119.347 1
	33.398 131.442 155.226 1
	-40.537 144.764 117.107 1
	71.282 109.406 178.557 1
	32.481 110.088 113.222 1
	90.000 159.362 138.891 1
	88.608 149.370 180.000 1
	84.477 111.922 140.186 1
	-29.490 113.182 140.329 1
	86.620 71.093 178.041 1
	22.936 136.450 119.960 1
	78.449 162.646 175.583 1
	38.927 73.470 160.812 1
	47.452 63.742 143.245 1
	37.082 134.112 63.518 1
	-17.023 82.552 125.266 1
	37.746 111.366 177.657 1
	59.857 97.804 93.352 1
	-11.356 80.289 124.704 1
	36.549 115.394 109.979 1
	35.426 119.800 127.896 1
	32.223 120.774 140.186 1
	11.270 153.822 51.887 1
	17.928 71.700 67.265 1
	12.336 70.869 149.192 1
	4.326 161.076 145.073 1
	59.456 109.309 113.904 1
	9.351 79.091 139.200 1
	44.450 106.049 85.629 1
	39.786 99.448 180.000 1
	48.541 114.087 179.227 1
	17.126 139.406 131.952 1
	40.795 106.415 122.132 1
	33.106 112.775 178.648 1
	75.476 111.864 126.309 1
	60.304 118.642 110.879 1
	56.820 83.188 166.232 1
	9.780 148.625 152.212 1
	38.543 64.704 139.320 1
	77.069 113.067 178.648 1
	41.981 79.372 138.352 1
	34.876 113.039 173.681 1
	30.974 109.567 137.315 1
	40.714 100.038 120.080 1
	43.046 115.967 120.436 1
	40.984 109.796 141.721 1
	32.773 77.957 83.944 1
	-12.559 148.402 117.468 1
	22.082 145.474 147.726 1
	37.546 110.008 177.141 1
	45.103 91.616 104.055 1
	45.550 105.665 126.194 1
	31.261 132.691 136.542 1
	78.650 114.391 133.488 1
	37.638 116.568 136.948 1
	42.771 96.624 180.000 1
	29.175 121.547 135.361 1
	36.801 118.516 174.110 1
	39.036 125.123 142.031 1
	8.342 146.127 68.864 1
	76.851 117.863 178.751 1
	28.992 151.731 151.685 1
	-10.130 72.536 122.441 1
	83.858 144.947 173.715 1
	73.957 134.869 139.017 1
	50.180 86.459 170.518 1
	84.637 118.923 179.760 1
	62.475 91.433 162.479 1
	60.172 108.868 114.735 1
	35.609 64.217 135.390 1
	47.366 127.729 145.978 1
	71.694 115.027 113.635 1
	56.230 106.805 92.464 1
	86.448 160.457 174.809 1
	34.504 119.124 101.591 1
	54.093 99.253 178.895 1
	41.219 108.598 141.068 1
	35.403 74.811 77.435 1
	30.447 145.921 82.844 1
	12.662 165.413 71.769 1
	42.307 106.404 180.000 1
	40.875 117.771 178.671 1
	14.358 143.784 133.803 1
	70.554 173.371 180.000 1
	25.416 173.623 96.710 1
	44.674 110.575 131.740 1
	36.285 118.717 123.879 1
	63.558 75.006 151.794 1
	89.020 154.876 176.351 1
	58.081 103.585 115.697 1
	40.434 73.086 161.030 1
	33.123 119.513 104.937 1
	-0.372 155.432 109.693 1
	37.122 114.947 109.315 1
	79.532 137.292 174.672 1
	48.065 104.496 114.695 1
	56.631 119.456 107.252 1
	32.435 134.370 131.580 1
	50.861 86.144 152.544 1
	37.970 94.378 179.301 1
	35.036 138.318 157.598 1
	66.469 126.435 112.535 1
	49.664 102.869 116.494 1
	30.430 135.281 144.311 1
	-12.307 155.157 32.894 1
	88.946 146.099 178.041 1
	76.627 133.224 127.661 1
	41.282 69.677 161.270 1
	41.390 106.461 118.872 1
	42.055 111.245 116.803 1
	90.000 164.038 178.694 1
	41.499 77.309 140.678 1
	89.055 115.938 73.654 1
	87.766 109.166 129.448 1
	76.582 73.235 144.546 1
	43.533 75.522 155.100 1
	3.965 136.003 71.253 1
	-17.613 149.897 117.021 1
	62.475 79.824 144.001 1
	45.596 83.302 149.639 1
	-37.368 166.582 106.673 1
	43.688 80.271 146.293 1
	50.896 124.292 142.237 1
	59.954 131.345 139.893 1
	85.428 123.753 147.697 1
	56.517 83.692 73.516 1
	34.022 136.249 155.822 1
	52.999 73.235 153.541 1
	57.359 90.344 179.513 1
	38.251 112.288 114.855 1
	42.141 79.962 137.951 1
	32.028 143.056 71.070 1
	41.717 106.456 117.382 1
	63.484 98.646 157.317 1
	14.221 143.062 72.554 1
	26.012 108.163 136.204 1
	44.788 114.173 180.000 1
	-8.021 79.710 178.637 1
	16.914 70.205 157.758 1
	28.791 128.503 61.026 1
	23.463 116.110 112.328 1
	72.307 133.826 116.585 1
	35.924 77.412 79.378 1
	59.347 119.169 109.802 1
	86.385 142.088 178.534 1
	72.909 132.949 135.092 1
	50.283 104.605 100.806 1
	31.771 134.473 60.172 1
	48.535 105.533 106.490 1
	59.301 111.595 112.317 1
	36.211 113.113 102.875 1
	41.614 83.835 180.000 1
	11.849 153.759 136.582 1
	45.636 100.451 180.000 1
	38.703 115.285 110.334 1
	12.937 167.573 68.428 1
	44.055 131.649 141.549 1
	90.000 157.575 139.905 1
	45.275 102.153 92.315 1
