This file is created by TexTools software, Resmat Corp.
ODF file name: file Created at Texture lab IITK

B 500 0
	58.287 141.595 132.943 1
	-85.984 11.379 23.887 1
	77.607 84.253 30.963 1
	-16.484 146.563 177.233 1
	-8.600 129.047 98.761 1
	87.995 8.875 0.000 1
	12.817 89.639 82.288 1
	-36.910 162.869 92.579 1
	-17.114 84.580 9.442 1
	-70.027 17.263 36.658 1
	-36.549 104.622 112.787 1
	-3.833 101.528 176.666 1
	72.284 95.082 151.014 1
	83.532 92.183 59.633 1
	-4.188 99.368 90.281 1
	-26.087 145.514 172.346 1
	-87.892 79.527 3.598 1
	-10.795 94.452 163.499 1
	-67.099 168.587 154.762 1
	33.610 79.269 40.823 1
	83.847 79.240 91.685 1
	-34.601 14.479 87.674 1
	-66.532 173.841 152.309 1
	-12.026 35.443 89.450 1
	32.028 143.446 173.108 1
	0.539 51.073 85.514 1
	21.526 49.532 2.848 1
	-88.046 15.034 23.125 1
	74.416 84.242 7.185 1
	83.526 87.817 120.361 1
	58.402 99.763 156.899 1
	-82.254 104.135 173.457 1
	-70.926 169.223 148.121 1
	-85.239 88.854 100.291 1
	-12.364 150.464 87.181 1
	-82.282 89.244 105.413 1
	-85.480 85.938 0.000 1
	-60.865 143.658 125.718 1
	16.478 75.493 14.204 1
	-6.595 150.470 85.302 1
	-34.200 12.330 65.592 1
	-7.506 14.318 96.990 1
	-60.017 118.178 160.480 1
	60.522 65.644 19.733 1
	5.592 17.240 7.282 1
	76.438 159.706 155.690 1
	-21.658 102.846 93.444 1
	1.679 103.986 87.324 1
	-37.626 16.925 88.757 1
	-12.536 75.751 1.421 1
	-78.793 97.569 154.859 1
	8.669 11.396 80.008 1
	77.710 93.490 165.820 1
	-24.689 164.788 78.020 1
	18.266 104.639 162.955 1
	38.967 133.012 91.834 1
	-89.450 92.762 157.890 1
	-81.790 101.454 158.234 1
	10.376 60.287 10.531 1
	86.901 91.072 53.835 1
	-76.232 87.422 28.138 1
	-83.617 88.705 59.399 1
	89.840 79.389 11.889 1
	36.303 85.371 55.921 1
	-75.298 83.182 12.857 1
	-79.458 107.728 178.190 1
	-14.519 124.034 94.475 1
	81.503 90.522 52.598 1
	74.227 84.803 26.545 1
	-25.984 78.008 90.086 1
	-81.664 76.713 23.864 1
	-36.778 73.402 70.141 1
	-3.558 60.413 89.003 1
	-78.083 89.158 153.409 1
	22.981 110.243 156.555 1
	22.655 65.208 94.028 1
	5.466 94.395 180.000 1
	77.779 73.705 7.403 1
	22.557 167.401 117.955 1
	-1.868 78.341 89.634 1
	-16.473 51.016 5.775 1
	-18.564 173.251 80.375 1
	-86.328 87.863 120.499 1
	-20.260 130.336 177.411 1
	-2.893 55.147 77.647 1
	-79.206 89.261 32.584 1
	66.303 38.514 12.995 1
	-89.399 88.299 81.440 1
	-83.142 160.846 162.760 1
	66.148 104.972 168.633 1
	6.555 96.612 85.583 1
	26.201 103.436 82.609 1
	-89.295 158.996 154.017 1
	32.303 79.784 66.996 1
	3.959 71.488 24.167 1
	3.661 68.451 2.888 1
	-78.002 94.240 151.845 1
	-62.882 85.153 18.810 1
	72.823 162.743 171.778 1
	78.375 97.019 157.426 1
	-33.833 47.361 89.278 1
	86.918 88.797 100.795 1
	-12.760 50.810 78.873 1
	38.004 5.730 42.187 1
	-52.626 4.990 31.983 1
	58.447 85.594 111.223 1
	81.847 93.455 74.061 1
	58.465 8.571 32.544 1
	89.462 93.100 101.179 1
	-4.807 94.269 86.603 1
	52.386 97.208 108.656 1
	-1.398 82.070 31.226 1
	-4.440 82.896 3.913 1
	30.006 108.278 107.876 1
	87.897 82.449 81.480 1
	11.929 120.315 176.391 1
	-0.539 103.425 147.158 1
	-85.600 158.629 152.109 1
	10.949 55.348 4.933 1
	25.382 162.170 103.173 1
	-82.403 80.718 7.953 1
	86.047 99.637 175.526 1
	-89.926 92.630 170.134 1
	15.212 74.903 4.738 1
	-52.878 3.850 94.406 1
	86.906 88.923 126.160 1
	-40.777 178.602 180.000 1
	-88.952 85.376 91.541 1
	0.476 31.123 62.922 1
	-87.267 6.830 34.876 1
	79.847 44.662 32.830 1
	-81.515 89.238 52.666 1
	-85.800 15.779 9.609 1
	-70.548 140.466 166.817 1
	-52.947 40.210 17.475 1
	-33.604 79.360 48.868 1
	9.534 54.414 89.863 1
	-12.496 89.679 165.900 1
	-13.740 97.414 94.022 1
	66.148 75.029 11.367 1
	19.899 11.253 75.854 1
	7.615 97.632 152.034 1
	22.139 142.019 179.089 1
	63.999 157.025 121.100 1
	80.804 91.278 178.127 1
	89.106 100.388 87.582 1
	-87.124 94.670 171.240 1
	-2.252 78.999 89.284 1
	73.195 8.262 47.286 1
	5.621 119.588 176.649 1
	83.554 92.498 115.697 1
	-2.773 106.083 158.566 1
	18.558 9.935 62.326 1
	27.433 70.520 19.051 1
	87.514 85.342 22.781 1
	58.482 171.440 147.342 1
	5.512 58.253 2.733 1
	-88.281 90.608 23.783 1
	-64.555 99.145 159.913 1
	-19.538 158.555 82.827 1
	-33.094 170.140 65.489 1
	-89.760 87.004 81.721 1
	-24.282 75.963 88.281 1
	-79.177 105.613 175.915 1
	-57.365 54.368 32.762 1
	7.615 82.368 27.966 1
	-85.462 90.459 118.780 1
	87.869 82.472 95.569 1
	59.679 9.322 41.918 1
	-6.600 29.530 94.698 1
	-86.700 115.995 99.443 1
	7.832 80.839 11.345 1
	72.021 160.485 151.427 1
	73.854 86.763 28.734 1
	-88.751 95.489 171.011 1
	-12.536 104.250 178.574 1
	-0.625 122.670 91.776 1
	-88.929 88.493 163.241 1
	-89.559 90.854 54.339 1
	8.669 168.604 99.993 1
	-81.022 92.040 170.203 1
	81.790 93.146 159.156 1
	-87.943 82.271 14.416 1
	-40.686 132.141 93.948 1
	-83.629 90.573 64.549 1
	38.033 174.271 137.814 1
	-14.479 86.545 82.133 1
	21.933 143.251 106.673 1
	38.915 14.513 61.954 1
	-35.558 110.461 104.874 1
	6.835 98.640 92.664 1
	33.610 100.737 139.246 1
	-1.862 69.431 1.891 1
	7.093 145.256 93.329 1
	14.037 166.198 110.002 1
	87.170 92.722 163.047 1
	-80.369 94.882 149.382 1
	1.192 58.327 92.223 1
	1.192 164.611 176.081 1
	88.470 94.085 168.467 1
	-6.446 59.043 3.123 1
	-26.975 129.511 93.862 1
	44.628 34.194 63.856 1
	86.293 90.401 81.532 1
	-58.579 167.367 151.977 1
	-16.329 109.813 177.709 1
	-10.926 127.535 178.751 1
	-89.771 92.997 98.279 1
	-88.316 21.108 26.534 1
	71.144 110.294 160.411 1
	83.509 90.373 119.124 1
	-6.543 78.472 85.462 1
	-79.475 89.731 56.098 1
	82.048 73.854 63.518 1
	7.156 83.033 83.772 1
	87.869 97.523 84.425 1
	42.359 98.635 123.513 1
	10.754 159.110 98.176 1
	-27.164 20.105 20.873 1
	64.567 163.568 142.884 1
	88.109 99.087 97.781 1
	-2.865 119.857 180.000 1
	-22.145 22.145 87.536 1
	-5.987 94.263 168.707 1
	87.697 90.751 74.616 1
	10.760 20.884 81.795 1
	-16.450 33.501 2.217 1
	73.969 168.043 157.455 1
	-89.089 97.884 172.363 1
	-74.496 114.019 159.712 1
	-30.648 7.947 71.849 1
	73.940 11.958 22.546 1
	78.209 92.195 156.498 1
	40.256 172.541 125.610 1
	-29.249 7.580 105.264 1
	14.141 78.650 13.871 1
	-80.523 81.366 2.498 1
	-79.114 77.034 64.286 1
	-5.764 100.869 85.938 1
	-19.509 106.937 153.278 1
	-0.390 58.493 91.897 1
	-1.157 121.668 92.218 1
	7.534 98.062 94.653 1
	23.365 128.858 176.179 1
	-11.740 22.941 96.859 1
	-89.834 92.017 100.543 1
	13.304 155.363 100.313 1
	88.024 88.980 123.341 1
	-0.132 89.771 82.643 1
	-0.487 111.463 178.436 1
	89.490 88.058 4.899 1
	35.225 173.348 125.701 1
	64.360 136.370 151.914 1
	-2.756 73.912 21.429 1
	8.371 34.624 86.150 1
	10.015 29.937 87.124 1
	-1.415 119.605 92.177 1
	-17.825 155.163 85.823 1
	82.025 81.205 10.600 1
	60.522 114.357 160.268 1
	19.939 170.678 111.423 1
	7.460 9.121 81.578 1
	89.548 83.394 13.201 1
	-88.900 100.210 93.237 1
	-28.803 15.344 70.525 1
	-67.076 20.409 44.691 1
	-88.453 84.660 11.385 1
	80.873 91.988 58.510 1
	84.357 176.259 180.000 1
	87.170 87.279 16.954 1
	-78.570 138.931 156.710 1
	12.989 53.067 0.831 1
	-86.517 87.302 12.084 1
	83.990 89.456 5.243 1
	1.971 10.302 66.486 1
	88.024 91.020 56.660 1
	86.070 82.873 11.602 1
	27.823 29.060 3.375 1
	-22.065 72.405 94.991 1
	77.785 106.295 172.592 1
	19.962 110.821 91.003 1
	86.918 6.119 6.881 1
	15.785 97.959 177.880 1
	75.418 92.538 149.313 1
	13.602 126.377 173.492 1
	88.201 163.024 172.879 1
	-4.251 118.734 178.952 1
	8.973 10.554 79.274 1
	23.188 77.550 91.020 1
	-35.449 78.094 58.516 1
	30.350 38.841 10.021 1
	81.274 170.793 175.182 1
	20.907 51.383 87.909 1
	-80.523 92.074 116.740 1
	39.185 80.776 110.575 1
	8.302 24.162 84.379 1
	77.080 21.446 25.382 1
	-19.538 21.446 97.179 1
	12.995 91.129 103.803 1
	-85.600 21.371 27.886 1
	83.096 93.782 176.712 1
	75.344 119.960 93.793 1
	21.182 128.893 91.725 1
	32.303 100.216 112.999 1
	-72.147 91.885 144.362 1
	74.026 6.108 19.876 1
	-33.541 72.594 1.518 1
	71.138 69.712 19.584 1
	-79.658 83.898 24.540 1
	-77.624 90.338 25.204 1
	-88.975 89.353 58.533 1
	7.053 77.882 91.622 1
	-27.009 174.110 112.357 1
	-25.984 101.992 89.920 1
	-89.376 65.065 81.922 1
	-69.907 73.906 4.578 1
	-7.317 55.130 7.340 1
	89.284 19.567 8.222 1
	35.581 47.492 88.619 1
	-76.519 91.020 164.278 1
	8.589 99.643 177.714 1
	-86.706 17.647 16.736 1
	22.202 17.773 65.667 1
	-1.146 93.822 87.049 1
	-88.178 88.367 75.848 1
	-5.701 146.339 88.631 1
	-2.074 123.931 103.150 1
	-87.794 92.298 9.557 1
	1.175 102.439 93.123 1
	-9.545 51.366 84.924 1
	70.056 177.840 165.923 1
	51.761 83.371 71.883 1
	-60.688 92.160 117.319 1
	86.053 80.363 4.463 1
	71.540 174.809 46.152 1
	-67.042 159.586 135.315 1
	7.683 86.952 3.398 1
	-1.146 86.179 92.951 1
	-89.370 80.495 88.356 1
	19.469 109.790 174.019 1
	-23.405 116.253 93.753 1
	-31.444 106.702 175.090 1
	71.087 26.992 47.876 1
	-5.867 146.333 88.608 1
	23.881 117.456 85.124 1
	-19.509 73.064 26.723 1
	85.766 91.123 95.907 1
	76.478 20.288 24.299 1
	85.348 88.293 168.134 1
	56.740 132.703 168.948 1
	-0.567 78.346 81.698 1
	-33.839 139.252 103.717 1
	83.807 96.767 173.010 1
	4.882 60.224 92.596 1
	-17.699 88.728 8.646 1
	1.564 75.854 87.525 1
	-13.757 71.981 4.051 1
	-21.973 103.258 121.805 1
	74.467 85.892 30.287 1
	78.690 93.100 148.430 1
	-26.643 56.253 82.884 1
	75.350 60.040 86.207 1
	-17.922 114.019 94.486 1
	82.254 161.820 163.975 1
	-82.941 82.282 7.517 1
	-21.606 64.807 87.685 1
	-4.062 119.645 91.192 1
	8.978 125.082 89.708 1
	-15.544 77.624 14.633 1
	6.549 78.455 3.627 1
	-88.808 90.986 121.410 1
	-79.332 39.981 28.298 1
	-66.807 166.908 176.116 1
	-83.279 88.734 158.749 1
	-56.866 40.439 52.936 1
	-12.897 159.328 81.990 1
	20.008 35.099 4.005 1
	-49.429 78.913 71.116 1
	-0.011 79.286 90.699 1
	-54.924 6.022 133.837 1
	86.872 92.447 169.613 1
	79.779 86.517 105.906 1
	76.725 97.431 160.285 1
	0.430 75.510 93.020 1
	-82.265 89.622 88.854 1
	72.737 169.298 153.358 1
	-16.776 143.778 93.971 1
	-88.957 90.201 105.310 1
	56.517 88.917 64.767 1
	-54.929 173.979 46.163 1
	-87.777 92.876 127.002 1
	-88.820 174.133 130.904 1
	-1.816 96.583 99.116 1
	74.462 85.405 16.261 1
	-85.239 85.445 81.979 1
	-66.778 143.824 165.338 1
	-88.917 87.388 85.858 1
	-26.098 34.486 7.643 1
	-2.716 32.607 88.350 1
	-58.510 85.812 68.726 1
	26.012 161.494 118.344 1
	-24.001 151.226 174.861 1
	0.057 60.911 2.217 1
	-8.640 123.249 102.004 1
	7.861 108.856 161.523 1
	-0.264 83.858 1.753 1
	-87.181 92.842 173.704 1
	78.375 82.987 22.575 1
	-24.397 29.318 8.377 1
	80.432 142.598 147.548 1
	-11.683 95.185 98.938 1
	-26.969 50.489 86.144 1
	-59.582 3.655 151.398 1
	-89.381 91.696 98.560 1
	-7.254 123.335 173.474 1
	30.000 71.723 72.124 1
	21.268 148.442 178.539 1
	88.190 86.104 11.665 1
	21.245 123.432 101.895 1
	19.469 70.210 5.982 1
	-27.892 67.048 71.121 1
	-2.160 100.382 88.780 1
	8.904 102.852 174.666 1
	60.734 82.151 19.475 1
	75.831 94.595 171.796 1
	5.770 118.087 177.342 1
	-1.421 167.384 90.029 1
	-16.599 161.248 170.919 1
	-48.690 174.397 91.943 1
	-79.452 72.279 1.776 1
	-6.154 80.976 88.493 1
	-83.279 91.266 21.251 1
	-64.355 41.144 8.697 1
	76.198 86.322 24.379 1
	-0.837 103.648 88.797 1
	-0.991 60.699 87.405 1
	-39.792 100.474 120.035 1
	80.420 92.321 63.358 1
	-3.191 61.685 2.418 1
	5.770 61.914 2.653 1
	-9.545 56.465 87.090 1
	-75.779 90.413 31.289 1
	78.753 87.072 9.322 1
	1.043 76.610 88.705 1
	-76.421 67.552 29.118 1
	-2.762 100.508 93.398 1
	86.534 94.607 95.140 1
	33.048 107.424 170.123 1
	82.237 85.142 18.105 1
	-5.993 85.737 11.293 1
	19.876 54.414 86.442 1
	82.059 106.152 116.477 1
	-88.115 87.422 11.539 1
	-5.867 33.667 91.392 1
	18.558 166.473 101.763 1
	-7.775 121.261 178.448 1
	-48.077 2.704 142.712 1
	-89.370 5.867 49.080 1
	-79.962 89.307 75.974 1
	85.772 90.436 80.856 1
	-1.438 119.009 90.865 1
	20.094 69.442 93.977 1
	87.124 92.367 156.538 1
	3.661 111.549 177.113 1
	4.859 119.353 89.800 1
	0.544 60.728 92.309 1
	-83.491 87.892 0.000 1
	86.918 91.203 79.206 1
	-4.664 173.079 86.477 1
	33.042 72.577 9.878 1
	15.281 93.444 178.350 1
	82.357 18.174 16.020 1
	86.694 89.628 174.191 1
	-49.429 101.087 108.879 1
	3.850 80.942 92.028 1
	56.734 47.298 11.047 1
	-13.367 50.380 0.000 1
	77.848 92.544 168.381 1
	11.356 94.962 180.000 1
	35.243 6.652 54.276 1
	-86.093 85.262 177.565 1
	-33.604 100.640 131.133 1
	81.561 89.880 128.755 1
	-25.835 122.567 97.093 1
	14.696 85.560 7.093 1
	-35.122 6.171 99.213 1
	12.055 125.667 177.428 1
	-86.757 162.353 163.259 1
	-16.839 100.376 173.578 1
	82.747 167.894 143.692 1
	-85.451 99.758 178.150 1
	-0.264 96.142 178.241 1
	26.900 78.335 90.086 1
	-81.520 90.762 127.334 1
	-18.489 46.490 73.293 1
	-53.703 138.272 166.731 1
	-76.627 18.060 29.668 1
	88.465 16.977 7.059 1
	-74.926 95.271 176.580 1
	-79.114 102.966 115.709 1
