This file is created by TexTools software, Resmat Corp.
ODF file name: file Created at Texture lab IITK

B 1000 0
	-16.524 68.761 31.696 1
	-1.049 55.984 48.661 1
	43.241 127.311 127.030 1
	-50.191 66.767 117.393 1
	-61.942 127.707 130.170 1
	53.698 62.200 54.339 1
	29.209 135.894 147.285 1
	23.474 53.216 45.338 1
	-17.515 95.684 108.719 1
	-26.092 55.651 44.209 1
	4.314 48.358 176.929 1
	26.448 57.290 41.282 1
	-17.074 96.062 5.323 1
	-29.164 125.581 140.575 1
	84.935 75.671 40.818 1
	-80.237 131.242 44.479 1
	-88.871 101.620 135.487 1
	-89.880 128.640 133.012 1
	-16.885 148.419 96.755 1
	35.048 125.953 41.889 1
	60.459 131.987 137.814 1
	-81.320 122.670 41.305 1
	-72.938 114.723 149.949 1
	22.002 126.102 129.643 1
	36.509 36.474 26.425 1
	-75.195 123.570 139.320 1
	-27.559 92.590 159.603 1
	-19.601 54.700 41.528 1
	-70.187 49.251 47.865 1
	47.578 122.556 50.094 1
	2.286 10.159 103.121 1
	44.966 76.100 163.207 1
	8.377 129.150 132.170 1
	52.013 117.456 119.084 1
	-11.660 40.015 10.926 1
	89.565 121.988 134.800 1
	-37.420 105.585 56.643 1
	78.369 50.993 132.496 1
	-88.975 115.325 119.605 1
	-62.802 9.230 60.831 1
	7.208 153.203 137.561 1
	-49.595 71.070 111.887 1
	-3.226 139.830 100.990 1
	25.961 127.157 129.328 1
	-69.488 62.361 24.970 1
	-44.530 76.943 18.249 1
	-0.498 107.453 111.498 1
	30.602 53.239 51.664 1
	78.902 80.237 50.059 1
	87.479 52.947 46.404 1
	-89.227 68.434 39.328 1
	-21.177 127.523 137.430 1
	0.327 119.914 149.055 1
	-87.027 167.951 7.878 1
	-40.714 147.141 120.865 1
	-62.504 50.357 45.739 1
	-84.328 70.233 48.782 1
	79.933 125.564 45.751 1
	-14.960 54.414 20.850 1
	-26.075 124.338 135.917 1
	-80.758 88.098 180.000 1
	-60.928 56.866 49.378 1
	56.058 55.709 48.644 1
	89.290 126.079 136.719 1
	-16.008 69.179 108.587 1
	-40.800 122.475 128.640 1
	-10.244 50.105 37.334 1
	-20.747 122.584 135.865 1
	-85.583 58.201 117.674 1
	-8.503 125.117 141.670 1
	48.191 131.219 149.015 1
	-74.708 52.420 44.181 1
	89.301 119.783 148.837 1
	53.285 62.470 57.302 1
	-27.387 26.895 63.478 1
	70.869 123.931 137.172 1
	-21.755 56.866 31.249 1
	48.008 75.619 167.974 1
	58.522 95.254 95.243 1
	-47.773 107.063 160.411 1
	-4.269 44.674 9.259 1
	-88.734 55.428 48.146 1
	-72.525 79.630 96.629 1
	-46.988 106.971 71.866 1
	-85.365 69.494 177.789 1
	-33.747 53.921 47.464 1
	87.004 94.996 131.225 1
	21.629 54.712 50.472 1
	17.882 66.950 3.655 1
	-51.738 128.171 135.447 1
	69.265 60.516 39.334 1
	55.216 118.064 131.482 1
	32.475 37.214 42.164 1
	54.826 120.241 123.690 1
	27.267 96.091 91.702 1
	-1.169 162.961 43.631 1
	1.581 129.391 124.091 1
	-32.114 53.606 42.049 1
	47.619 108.020 106.232 1
	-58.912 128.188 136.043 1
	-57.748 43.866 37.116 1
	-0.521 131.236 134.336 1
	21.623 59.484 54.654 1
	-46.587 73.808 111.022 1
	-34.051 70.199 109.893 1
	48.295 71.981 164.897 1
	40.966 128.016 39.282 1
	-2.899 148.442 42.932 1
	-5.065 141.824 180.000 1
	84.454 49.733 45.132 1
	6.377 65.529 34.773 1
	24.981 124.103 140.484 1
	6.182 26.259 47.773 1
	44.977 89.662 172.197 1
	-10.227 139.040 147.061 1
	30.430 57.428 41.448 1
	-30.132 114.523 148.471 1
	45.034 98.394 14.616 1
	-4.165 139.114 48.575 1
	49.532 109.630 20.701 1
	88.528 135.304 162.588 1
	78.765 56.379 42.261 1
	21.320 65.082 41.757 1
	-41.717 55.989 50.025 1
	-25.055 120.653 162.835 1
	-33.151 125.008 48.232 1
	47.378 107.349 107.235 1
	1.163 51.601 44.851 1
	-2.395 16.576 133.471 1
	-49.979 111.217 69.059 1
	74.960 106.794 120.550 1
	-42.897 129.139 135.281 1
	72.038 65.650 124.699 1
	-14.398 56.843 41.093 1
	14.691 23.927 116.053 1
	44.863 145.124 150.814 1
	-57.634 68.841 19.148 1
	-43.367 55.537 49.366 1
	-24.849 73.499 29.358 1
	57.869 53.067 44.427 1
	-39.528 141.996 122.768 1
	-56.081 61.811 41.007 1
	-41.144 69.740 22.586 1
	-45.860 78.616 100.617 1
	-0.332 140.025 93.994 1
	-27.748 54.196 45.882 1
	-18.673 49.618 34.395 1
	22.563 170.902 67.323 1
	-25.027 70.852 29.101 1
	-56.780 56.207 130.600 1
	90.000 77.876 43.361 1
	30.195 126.148 132.279 1
	75.189 83.589 104.147 1
	79.337 57.978 43.911 1
	-38.159 127.741 142.254 1
	-46.988 73.064 108.174 1
	-0.676 160.549 111.927 1
	5.701 54.202 39.362 1
	-30.688 55.268 11.431 1
	32.481 106.461 39.924 1
	-82.918 63.438 74.817 1
	-83.211 130.571 134.513 1
	-79.486 113.761 149.187 1
	-26.608 56.757 38.990 1
	21.463 121.169 120.493 1
	-49.120 107.275 73.505 1
	-29.060 147.193 108.163 1
	-40.308 52.025 44.570 1
	17.252 68.446 150.854 1
	49.303 52.987 42.714 1
	-64.704 57.731 104.502 1
	79.767 51.629 45.338 1
	21.807 139.361 130.904 1
	45.023 79.269 171.721 1
	20.638 131.843 120.694 1
	-27.393 54.540 41.803 1
	79.017 93.581 27.267 1
	-26.471 129.317 136.639 1
	-26.935 121.845 145.904 1
	-86.030 123.558 132.302 1
	42.238 45.739 54.173 1
	7.196 56.843 41.511 1
	30.951 140.002 147.210 1
	35.225 32.848 26.419 1
	36.784 95.644 125.432 1
	-42.221 121.725 37.575 1
	57.789 74.307 2.298 1
	-51.475 51.813 43.980 1
	76.009 132.772 136.576 1
	-33.260 59.914 47.968 1
	-8.113 173.113 4.217 1
	-31.547 126.962 133.178 1
	-49.177 47.538 45.693 1
	-56.637 129.185 134.989 1
	-37.752 91.410 89.782 1
	43.837 86.717 180.000 1
	-43.699 98.875 65.764 1
	-59.691 130.199 135.596 1
	63.318 67.334 6.343 1
	-30.670 121.249 127.122 1
	89.118 151.799 172.775 1
	4.160 53.869 131.058 1
	-45.848 71.895 112.678 1
	-49.274 72.095 106.066 1
	-71.648 113.996 152.229 1
	45.092 98.136 7.380 1
	-17.309 70.606 62.361 1
	54.282 117.388 127.936 1
	21.916 72.823 60.900 1
	-66.778 50.369 46.776 1
	-18.575 67.443 90.270 1
	-82.345 122.527 137.665 1
	14.175 64.882 47.716 1
	-57.508 56.144 48.759 1
	-0.625 55.720 41.511 1
	52.363 63.134 60.699 1
	23.508 117.554 140.306 1
	24.076 59.656 129.815 1
	-60.837 107.453 153.232 1
	86.889 169.819 172.455 1
	-69.907 69.236 24.620 1
	47.280 74.083 68.291 1
	-1.169 29.971 28.264 1
	56.803 123.702 137.911 1
	33.690 135.631 71.396 1
	-32.315 124.011 127.512 1
	20.798 110.844 32.567 1
	-6.555 56.144 42.307 1
	-47.326 38.864 56.333 1
	55.989 123.587 137.412 1
	32.624 125.100 130.709 1
	-50.472 75.734 100.548 1
	-20.260 59.341 20.351 1
	85.107 130.079 136.295 1
	20.695 154.790 57.542 1
	1.358 122.980 137.934 1
	17.074 73.871 164.674 1
	-0.223 52.563 45.229 1
	21.348 132.239 62.109 1
	80.151 128.268 135.694 1
	-27.456 127.145 136.249 1
	89.278 55.766 44.610 1
	-15.928 33.713 36.022 1
	43.287 129.758 42.473 1
	-86.047 78.730 137.751 1
	81.721 129.523 134.536 1
	24.958 120.356 121.232 1
	-45.814 101.608 79.693 1
	81.795 10.772 11.637 1
	81.618 58.533 43.722 1
	33.615 27.141 20.311 1
	-66.973 22.741 94.406 1
	-57.989 56.872 51.079 1
	-29.318 125.082 139.773 1
	-27.880 120.780 166.112 1
	16.455 56.110 137.120 1
	67.512 112.976 173.818 1
	33.329 129.150 130.995 1
	-11.889 26.774 50.655 1
	9.179 17.538 124.979 1
	82.483 68.646 40.038 1
	-25.926 127.248 136.977 1
	-24.076 73.763 42.863 1
	-16.358 121.106 129.551 1
	-7.861 68.852 64.721 1
	-59.353 124.481 132.204 1
	-48.673 127.775 128.864 1
	11.946 123.891 139.177 1
	-41.906 148.459 110.386 1
	74.462 56.242 41.339 1
	3.042 29.020 18.197 1
	42.725 51.830 45.235 1
	-89.336 76.604 37.850 1
	-78.117 49.183 130.142 1
	-37.678 49.240 38.520 1
	47.945 109.217 22.259 1
	-20.483 61.730 30.756 1
	50.781 65.598 154.624 1
	-81.933 112.930 133.018 1
	43.539 58.316 37.701 1
	-87.886 111.314 142.735 1
	30.762 125.741 133.900 1
	-29.267 154.693 180.000 1
	-35.982 53.033 42.943 1
	-27.112 134.038 161.992 1
	44.083 55.669 40.136 1
	87.875 116.459 121.072 1
	-38.898 128.090 135.980 1
	21.377 131.545 136.885 1
	-86.717 50.701 40.846 1
	63.913 86.345 176.901 1
	-49.687 69.723 21.440 1
	-40.382 138.415 28.837 1
	-73.889 123.702 71.224 1
	-29.049 58.430 48.426 1
	26.350 41.098 26.253 1
	68.686 112.489 108.495 1
	5.598 57.473 45.332 1
	-44.931 108.667 76.816 1
	59.135 131.265 132.645 1
	45.630 113.640 113.211 1
	45.997 96.813 10.984 1
	-38.382 26.969 56.379 1
	47.710 108.386 108.134 1
	88.333 47.745 55.216 1
	-26.253 122.034 127.770 1
	15.619 67.930 49.074 1
	74.169 54.018 130.858 1
	-42.628 89.628 63.249 1
	-83.600 130.113 135.006 1
	-10.795 70.732 102.880 1
	78.701 123.587 137.831 1
	-62.195 55.405 52.494 1
	-55.015 117.347 138.822 1
	84.110 47.578 49.916 1
	89.525 131.958 47.515 1
	83.136 107.258 89.456 1
	43.333 50.884 45.464 1
	-7.225 68.726 39.964 1
	54.299 57.708 41.282 1
	82.059 57.175 69.878 1
	-4.200 124.000 47.378 1
	34.830 93.610 113.417 1
	37.695 52.649 137.052 1
	79.704 64.939 66.813 1
	-55.989 59.880 132.239 1
	84.104 34.910 10.754 1
	-26.866 58.465 52.208 1
	29.186 130.033 125.644 1
	-8.331 15.499 7.689 1
	-25.336 106.381 151.782 1
	61.816 125.037 138.828 1
	-45.052 70.119 42.788 1
	-39.104 124.349 131.247 1
	-31.467 12.949 47.538 1
	-47.882 72.468 112.363 1
	-63.684 128.652 129.076 1
	-1.948 123.461 45.877 1
	-88.883 11.952 99.408 1
	78.249 132.800 45.395 1
	-84.236 83.239 160.709 1
	-35.890 124.435 130.829 1
	41.047 116.557 117.153 1
	46.713 82.747 174.265 1
	51.475 140.661 161.603 1
	47.063 55.050 129.804 1
	4.876 35.168 44.748 1
	43.430 77.464 169.916 1
	15.178 17.315 47.968 1
	-70.359 7.529 157.151 1
	-31.759 36.211 49.887 1
	1.467 43.705 133.436 1
	28.642 139.962 134.445 1
	46.816 51.463 42.250 1
	-83.440 64.601 23.950 1
	44.496 57.491 38.360 1
	39.448 64.693 79.412 1
	55.760 107.006 91.461 1
	-27.725 103.814 153.707 1
	7.786 58.361 41.442 1
	68.022 89.307 150.642 1
	-77.538 120.837 132.284 1
	81.148 54.912 35.392 1
	78.077 120.768 47.487 1
	-2.504 72.577 8.961 1
	63.879 124.028 136.748 1
	-18.283 43.791 46.788 1
	-45.699 93.043 80.449 1
	-2.280 56.253 49.246 1
	-2.916 124.842 130.703 1
	8.864 41.889 64.475 1
	-89.295 55.766 45.057 1
	-87.697 61.994 27.279 1
	-70.594 51.045 45.120 1
	-74.106 128.285 161.230 1
	29.691 42.771 25.651 1
	69.345 68.102 68.285 1
	49.200 71.224 159.334 1
	-77.372 89.376 111.240 1
	-16.421 59.106 50.506 1
	14.719 105.722 118.763 1
	84.586 55.199 52.655 1
	66.308 79.584 10.772 1
	55.480 51.062 45.006 1
	82.787 56.356 34.148 1
	7.156 55.772 46.581 1
	17.722 96.286 174.311 1
	37.179 124.263 43.814 1
	-40.732 142.638 133.150 1
	-70.657 50.558 47.441 1
	14.914 133.402 107.120 1
	-75.630 127.346 69.104 1
	-14.055 24.763 65.896 1
	-82.563 156.612 7.294 1
	-26.115 64.446 42.067 1
	-84.104 51.984 130.371 1
	-74.548 22.254 68.652 1
	76.857 127.976 133.150 1
	88.419 129.236 69.901 1
	-55.777 56.448 138.776 1
	-22.454 108.942 141.452 1
	55.113 122.991 138.089 1
	-45.768 120.871 145.531 1
	45.218 80.248 171.337 1
	-60.384 107.756 68.010 1
	-37.231 129.013 139.383 1
	63.994 123.392 101.219 1
	27.456 123.667 131.574 1
	50.856 69.357 68.709 1
	46.759 108.547 17.177 1
	-78.982 68.646 46.983 1
	80.415 124.011 136.822 1
	83.428 58.768 101.545 1
	-50.048 110.862 69.844 1
	58.906 56.935 75.745 1
	-74.811 54.087 108.994 1
	-14.467 153.742 131.242 1
	-9.901 124.418 129.924 1
	8.142 113.337 70.961 1
	-30.579 127.747 135.831 1
	17.384 109.429 28.384 1
	-4.635 54.127 46.547 1
	16.318 46.318 60.923 1
	27.972 126.561 129.592 1
	-40.806 84.723 115.417 1
	50.501 52.592 132.852 1
	20.678 52.414 53.474 1
	-27.926 50.604 42.342 1
	12.439 95.661 26.001 1
	-80.701 51.486 47.475 1
	-0.894 24.924 44.679 1
	-51.217 115.079 61.587 1
	-15.882 124.504 131.626 1
	-17.934 56.683 46.490 1
	84.947 79.011 1.599 1
	8.325 27.766 127.598 1
	-43.677 123.558 132.141 1
	-42.284 54.723 47.120 1
	-44.335 57.072 52.282 1
	78.512 131.855 134.525 1
	62.321 50.180 39.546 1
	-68.256 123.272 133.155 1
	-38.784 75.831 25.250 1
	73.046 1.994 18.392 1
	-82.769 113.784 139.492 1
	32.424 122.922 138.427 1
	-12.049 136.696 156.125 1
	40.376 53.285 138.364 1
	-17.154 122.802 143.864 1
	-1.112 30.493 135.722 1
	3.312 41.929 41.832 1
	-46.868 79.292 15.602 1
	38.852 105.860 112.271 1
	3.512 46.077 41.620 1
	-20.208 78.249 134.187 1
	-18.478 122.493 129.196 1
	7.208 54.712 27.508 1
	23.898 122.607 137.630 1
	8.984 57.536 154.951 1
	36.251 56.906 43.006 1
	-42.433 110.403 156.973 1
	48.862 106.839 19.263 1
	-83.973 54.230 47.195 1
	-82.953 124.922 132.359 1
	-89.273 122.653 115.875 1
	8.789 124.212 139.091 1
	-52.821 55.359 37.019 1
	46.507 106.370 21.125 1
	14.100 129.981 113.996 1
	27.840 123.994 131.351 1
	39.345 127.048 129.294 1
	-3.564 155.140 132.720 1
	26.660 58.425 42.439 1
	80.420 47.326 44.484 1
	-43.276 50.329 58.963 1
	-40.697 120.814 130.279 1
	21.979 126.028 127.598 1
	-45.413 96.337 77.195 1
	89.593 89.691 123.644 1
	-81.182 59.198 137.200 1
	-67.661 46.031 48.100 1
	-31.719 52.689 46.673 1
	-23.818 127.346 154.435 1
	37.552 55.497 41.580 1
	-46.639 44.622 65.529 1
	-45.373 123.152 130.165 1
	9.402 32.653 52.586 1
	6.371 43.636 40.279 1
	-87.313 69.958 34.675 1
	-81.675 60.493 136.141 1
	-35.420 127.059 136.782 1
	22.855 125.088 131.992 1
	23.692 67.191 46.398 1
	-43.310 54.334 49.905 1
	2.532 146.225 163.081 1
	40.044 126.922 41.121 1
	31.524 140.123 130.434 1
	-35.357 54.024 45.109 1
	50.374 70.543 62.796 1
	88.362 123.902 135.848 1
	36.772 39.248 19.085 1
	-24.276 55.548 44.204 1
	-7.907 147.330 147.027 1
	-19.870 131.568 132.737 1
	-22.918 120.888 78.048 1
	8.675 36.102 36.411 1
	-59.645 53.887 45.963 1
	72.302 123.106 137.269 1
	-84.712 61.604 33.169 1
	0.292 152.521 44.857 1
	-53.944 107.544 81.916 1
	2.859 52.976 46.650 1
	-38.457 110.879 156.452 1
	-46.490 102.949 166.536 1
	24.746 84.844 7.460 1
	-13.482 55.537 50.042 1
	-14.123 30.023 46.845 1
	0.298 24.099 134.932 1
	59.284 66.354 67.855 1
	48.088 76.284 162.256 1
	-87.296 98.784 42.731 1
	81.039 48.570 44.530 1
	3.776 122.579 139.630 1
	6.738 37.110 36.686 1
	-31.117 120.138 148.167 1
	-44.553 89.914 93.914 1
	-15.539 140.105 152.963 1
	-31.673 53.039 41.654 1
	71.878 76.771 50.363 1
	32.481 127.357 134.462 1
	16.026 171.761 167.023 1
	47.934 105.367 16.243 1
	-9.076 137.997 162.583 1
	41.419 120.980 143.033 1
	16.622 30.189 43.745 1
	49.733 111.240 22.586 1
	-76.977 64.211 49.526 1
	81.847 125.547 133.723 1
	-43.104 77.361 28.499 1
	44.410 31.478 22.655 1
	12.783 78.054 101.167 1
	35.661 123.908 45.367 1
	36.303 123.598 142.815 1
	-85.571 47.447 41.110 1
	-65.065 68.761 83.572 1
	82.162 50.185 47.424 1
	77.172 50.730 67.901 1
	-83.595 49.561 44.949 1
	-2.653 21.280 49.773 1
	46.203 102.783 6.652 1
	-35.317 121.925 165.883 1
	-42.089 128.142 136.931 1
	18.822 149.828 139.544 1
	-51.876 64.698 117.216 1
	-19.085 55.193 29.788 1
	84.391 59.467 42.720 1
	84.299 62.687 60.229 1
	52.999 62.825 149.995 1
	-40.657 68.709 105.103 1
	88.470 60.264 20.386 1
	85.531 62.000 50.678 1
	45.739 85.107 175.228 1
	-27.697 54.425 34.481 1
	-44.536 90.946 90.625 1
	24.047 56.912 45.264 1
	-35.460 54.259 45.602 1
	-43.848 63.174 34.658 1
	36.990 8.159 98.188 1
	-80.191 156.217 125.014 1
	46.765 128.503 137.596 1
	-87.972 104.714 144.804 1
	-78.392 130.950 135.625 1
	-11.104 81.349 177.371 1
	81.526 129.563 136.605 1
	1.816 25.978 56.362 1
	77.544 131.127 136.186 1
	7.987 139.000 71.454 1
	81.308 122.665 137.304 1
	67.609 57.187 41.900 1
	48.455 109.229 113.543 1
	-41.608 16.558 48.169 1
	-25.353 122.831 130.543 1
	-16.811 110.409 146.906 1
	-59.851 123.444 131.161 1
	48.988 155.260 118.906 1
	-79.504 123.530 44.123 1
	-74.020 74.725 114.357 1
	55.353 26.138 15.281 1
	-57.611 37.116 2.882 1
	1.157 57.015 47.630 1
	24.465 56.688 57.960 1
	45.630 82.351 172.695 1
	-89.089 78.948 44.164 1
	89.622 131.946 133.912 1
	39.603 62.922 87.370 1
	30.235 69.316 50.632 1
	-25.548 66.108 42.078 1
	37.036 56.431 44.101 1
	24.631 106.776 117.004 1
	-12.370 55.399 48.839 1
	25.411 147.193 77.504 1
	-84.110 50.214 47.023 1
	21.881 126.939 100.634 1
	-88.172 120.527 134.204 1
	10.336 79.045 11.545 1
	79.337 121.977 135.900 1
	-22.053 85.067 157.151 1
	-85.640 130.336 133.683 1
	59.204 53.113 40.027 1
	10.256 54.712 50.128 1
	-40.714 109.011 3.776 1
	-73.556 54.414 18.913 1
	-13.694 71.878 76.020 1
	31.329 58.997 40.348 1
	-80.644 76.301 11.121 1
	-43.482 124.498 130.497 1
	-7.294 28.046 63.782 1
	86.133 127.861 131.992 1
	10.239 46.169 53.342 1
	-45.424 76.083 98.738 1
	-59.215 56.035 40.606 1
	65.798 56.121 42.777 1
	-36.394 40.302 63.616 1
	82.357 127.621 135.636 1
	-83.583 119.462 152.481 1
	84.735 57.015 44.593 1
	7.540 26.167 40.474 1
	47.464 107.940 22.093 1
	86.425 19.704 10.136 1
	-35.793 124.802 135.923 1
	71.385 103.854 123.856 1
	17.338 123.891 42.983 1
	72.777 56.471 39.758 1
	-76.352 122.951 133.809 1
	83.079 104.611 165.940 1
	-88.935 58.694 42.680 1
	-90.000 103.499 140.908 1
	37.592 120.470 140.913 1
	-87.319 129.872 118.803 1
	-9.471 123.025 132.359 1
	-43.608 95.088 145.526 1
	-89.410 120.768 133.774 1
	-85.205 90.716 124.343 1
	-36.068 129.059 139.624 1
	-68.646 138.392 126.131 1
	-64.544 157.884 95.312 1
	-66.469 59.026 101.809 1
	-55.714 59.049 140.741 1
	-15.178 110.695 150.825 1
	72.811 130.680 45.751 1
	-20.735 103.155 102.525 1
	-4.377 122.773 47.321 1
	67.323 40.382 44.387 1
	-50.397 68.595 23.692 1
	-24.316 44.668 40.113 1
	44.456 96.326 4.870 1
	87.382 129.792 120.516 1
	-80.403 128.726 41.986 1
	76.226 48.025 14.032 1
	2.120 43.608 44.221 1
	70.107 115.079 127.449 1
	-46.856 76.186 99.311 1
	-41.763 133.207 121.278 1
	-38.377 56.568 48.237 1
	64.246 126.343 136.713 1
	-43.499 53.314 43.877 1
	88.717 58.029 22.712 1
	-12.330 57.731 138.730 1
	58.132 102.938 171.801 1
	6.641 58.104 41.259 1
	-25.651 35.094 61.272 1
	-31.335 124.974 139.114 1
	79.137 116.580 169.842 1
	20.311 55.932 43.562 1
	-39.758 63.650 41.860 1
	80.587 123.702 137.676 1
	-7.294 45.338 37.947 1
	-46.392 76.009 18.644 1
	79.269 122.441 126.641 1
	-35.804 53.514 40.726 1
	-48.547 70.932 19.710 1
	-45.521 88.167 94.034 1
	9.597 123.776 3.627 1
	-38.606 51.222 40.468 1
	42.834 144.792 64.194 1
	-54.213 51.480 134.238 1
	-18.312 61.186 43.677 1
	-18.438 121.146 136.616 1
	-63.306 57.995 40.921 1
	-80.529 121.289 133.539 1
	55.783 110.197 112.036 1
	-47.825 106.060 72.181 1
	-12.313 62.584 39.895 1
	-56.133 50.924 44.679 1
	-51.761 152.665 53.222 1
	-66.996 129.660 133.562 1
	20.357 168.982 118.058 1
	-67.924 124.309 132.703 1
	-64.578 86.184 118.957 1
	5.844 55.967 48.209 1
	12.055 160.308 166.083 1
	-62.315 130.102 137.510 1
	8.021 69.173 162.199 1
	-89.164 123.684 135.149 1
	1.341 57.324 47.676 1
	49.515 52.575 44.227 1
	74.055 164.479 158.646 1
	52.941 122.516 137.957 1
	-4.824 146.368 174.850 1
	32.343 127.953 138.621 1
	-49.675 130.669 133.568 1
	42.026 53.915 47.086 1
	-64.962 115.548 44.101 1
	8.016 129.265 141.051 1
	-33.209 72.989 128.365 1
	-28.419 128.990 136.014 1
	4.057 113.045 143.257 1
	-35.472 125.850 134.674 1
	-70.164 122.974 127.008 1
	-60.212 56.717 48.403 1
	51.595 69.838 4.320 1
	-59.530 54.872 49.572 1
	59.318 115.577 60.006 1
	52.002 116.712 27.943 1
	44.049 56.219 128.325 1
	41.637 124.114 140.209 1
	14.668 119.198 144.288 1
	-88.579 161.895 3.151 1
	-5.260 138.226 112.959 1
	-78.587 121.885 133.167 1
	63.048 65.850 91.249 1
	89.238 133.688 135.734 1
	0.762 48.031 47.498 1
	48.140 70.222 158.818 1
	75.178 69.528 42.198 1
	57.978 124.899 139.899 1
	19.945 60.075 169.338 1
	36.538 55.038 135.642 1
	-44.026 61.117 31.398 1
	45.281 101.047 11.854 1
	31.140 43.092 46.180 1
	-48.117 110.088 70.164 1
	-25.233 105.986 149.628 1
	57.250 127.477 135.464 1
	-39.293 123.639 145.577 1
	-4.990 165.327 130.823 1
	89.679 116.866 65.231 1
	-62.550 49.389 45.395 1
	30.012 44.089 48.226 1
	46.553 108.409 16.851 1
	-22.225 69.844 35.105 1
	43.579 53.617 46.828 1
	49.928 52.030 39.488 1
	44.129 127.976 135.745 1
	81.687 75.401 52.867 1
	23.984 123.392 136.547 1
	88.854 115.233 124.956 1
	-42.943 170.002 134.823 1
	-86.551 77.023 12.044 1
	-46.885 102.336 73.866 1
	8.858 114.586 159.712 1
	-38.973 52.099 41.746 1
	-24.477 65.850 41.975 1
	22.958 36.348 23.348 1
	73.763 68.067 53.938 1
	-86.803 128.835 139.080 1
	-49.612 154.911 177.405 1
	-45.842 51.664 137.493 1
	-65.798 79.635 64.229 1
	-89.227 121.622 138.134 1
	88.574 128.618 155.249 1
	89.794 79.217 0.584 1
	-20.380 34.177 8.606 1
	-79.882 51.709 137.905 1
	-38.520 111.801 156.429 1
	45.447 101.723 9.654 1
	-20.621 167.321 180.000 1
	-38.892 127.976 138.409 1
	28.957 63.661 167.074 1
	80.397 24.574 8.371 1
	1.845 10.703 26.092 1
	-52.603 63.730 31.622 1
	20.661 119.473 148.430 1
	-78.587 154.160 88.241 1
	47.922 131.167 111.228 1
	-29.267 50.460 55.525 1
	-29.840 81.549 40.250 1
	87.582 22.660 0.000 1
	-39.173 79.475 103.247 1
	45.923 78.495 167.160 1
	-55.204 54.689 44.903 1
	-45.928 106.198 163.476 1
	-54.248 144.162 106.410 1
	77.452 59.072 133.150 1
	-85.537 46.650 29.559 1
	-45.166 59.089 142.959 1
	28.911 144.362 137.899 1
	0.166 139.584 135.155 1
	29.943 105.184 31.776 1
	-43.579 126.985 136.484 1
	-63.461 48.868 71.075 1
	-38.262 127.220 136.582 1
	-68.996 112.122 70.978 1
	-5.122 55.686 51.125 1
	37.219 65.856 66.039 1
	-46.106 74.851 101.545 1
	-10.159 34.057 135.505 1
	45.310 92.510 0.000 1
	-38.600 3.191 123.249 1
	57.634 124.693 126.996 1
	82.987 124.636 145.073 1
	44.439 51.188 48.455 1
	-19.584 123.564 166.559 1
	-45.968 124.492 39.150 1
	-76.753 101.929 92.498 1
	44.198 89.691 172.311 1
	-80.117 77.361 1.599 1
	59.043 59.043 143.194 1
	-88.843 116.328 52.185 1
	30.424 127.317 131.706 1
	-9.328 18.661 94.899 1
	30.544 58.728 41.969 1
	-46.278 139.951 130.371 1
	62.596 57.359 130.846 1
	-10.817 98.617 164.995 1
	-88.264 126.807 132.525 1
	66.692 135.293 138.535 1
	25.674 123.661 137.057 1
	46.284 37.764 114.849 1
	50.437 127.380 47.160 1
	55.491 49.114 35.827 1
	-75.304 122.063 41.986 1
	-88.900 51.589 41.900 1
	-32.573 57.485 46.868 1
	58.751 61.730 83.663 1
	-77.882 54.826 41.494 1
	50.352 132.972 142.964 1
	-75.762 56.396 39.110 1
	40.691 125.764 141.246 1
	88.745 15.052 4.435 1
	-2.034 77.332 83.835 1
	85.451 126.922 136.026 1
	-24.190 37.540 41.820 1
	29.662 128.360 133.826 1
	-21.091 35.730 169.091 1
	89.078 131.253 132.794 1
	88.986 48.197 45.837 1
	-34.561 122.338 128.967 1
	-29.484 134.800 137.418 1
	45.940 75.378 168.157 1
	-40.772 110.546 141.366 1
	-21.601 55.703 47.017 1
	0.384 114.540 5.667 1
	-42.783 56.843 140.134 1
	-26.929 45.791 133.700 1
	19.412 59.714 40.651 1
	67.065 72.181 59.250 1
	89.015 55.508 43.190 1
	-9.248 62.074 41.402 1
	-51.423 51.635 44.313 1
	47.252 134.502 153.163 1
	-73.963 49.171 45.871 1
	87.886 146.064 176.431 1
	-90.000 175.795 0.000 1
	-57.359 118.562 132.296 1
	49.481 70.583 80.965 1
	86.385 54.597 25.560 1
	4.435 56.030 46.931 1
	42.313 41.757 16.364 1
	35.403 121.140 140.449 1
	28.172 118.064 137.166 1
	85.766 129.649 133.024 1
	-29.651 44.674 41.746 1
	2.767 20.741 131.820 1
	-51.910 131.981 131.001 1
	-67.832 56.144 47.292 1
	62.664 48.604 47.355 1
	-42.869 121.691 130.079 1
	27.811 26.276 28.516 1
	-62.538 127.432 44.576 1
	-20.162 145.514 104.714 1
	-89.708 121.817 135.155 1
	0.212 79.303 156.085 1
	47.934 103.379 18.501 1
	-6.337 61.433 0.000 1
	14.284 57.771 38.010 1
	-10.668 12.250 32.315 1
	2.590 160.669 140.816 1
	28.934 138.415 58.419 1
	-43.132 125.701 130.497 1
	-62.395 123.066 138.719 1
	48.822 69.408 156.400 1
	4.234 87.640 155.025 1
	70.617 51.159 47.384 1
	-20.793 110.535 143.996 1
	-67.242 124.212 138.031 1
	-48.037 116.293 64.057 1
	-49.950 68.617 110.827 1
	-55.812 109.275 139.280 1
	19.051 124.137 130.394 1
	-56.963 112.964 165.894 1
	89.427 116.574 166.444 1
	70.611 94.246 171.612 1
	19.887 55.772 41.614 1
	-43.327 137.516 140.317 1
	-73.339 49.028 45.877 1
	-67.815 110.357 160.995 1
	-4.274 52.025 49.062 1
	-18.025 102.410 1.736 1
	61.226 3.197 33.426 1
	-86.093 130.365 147.158 1
	-41.918 123.891 129.993 1
	40.806 100.239 115.107 1
	-56.677 124.040 131.139 1
	43.602 112.930 96.137 1
	-39.053 41.855 148.545 1
	-9.609 154.326 133.482 1
	-46.037 83.640 96.148 1
	23.394 55.886 53.526 1
	-45.418 83.686 102.880 1
	68.268 82.271 8.382 1
	80.036 51.738 44.777 1
	-22.981 119.490 147.147 1
	46.335 107.412 18.008 1
	25.932 108.971 117.032 1
	53.176 119.571 35.844 1
	87.181 70.010 133.488 1
	89.364 59.628 45.945 1
	-90.000 77.653 68.973 1
	-44.146 36.222 151.244 1
	-9.379 129.024 83.996 1
	-27.823 125.002 135.550 1
	-45.945 71.557 106.713 1
	44.926 78.295 172.993 1
	-64.492 69.162 110.753 1
	-52.242 63.799 28.465 1
	-18.512 8.927 42.657 1
	-12.416 160.824 35.031 1
	2.292 90.401 117.027 1
	48.873 51.606 45.264 1
	67.649 167.659 152.900 1
	-41.081 122.905 129.930 1
	23.881 104.817 127.334 1
	9.591 58.144 39.964 1
	9.981 69.385 123.673 1
	49.017 107.011 16.404 1
	-88.384 108.713 143.343 1
	-20.563 51.818 45.539 1
	-46.765 47.097 40.766 1
	-69.282 125.226 131.981 1
	-79.607 69.855 25.187 1
	51.125 57.055 128.125 1
	27.691 9.820 48.684 1
	-62.550 57.725 49.733 1
	-55.130 64.933 11.247 1
	63.616 50.770 133.356 1
	4.217 49.790 46.971 1
	45.636 95.352 11.465 1
	20.844 61.914 56.603 1
	-48.896 68.887 114.374 1
	-5.535 122.538 159.701 1
	-38.434 121.238 132.898 1
	-8.761 117.061 34.578 1
	32.813 126.309 138.673 1
	14.828 90.327 166.994 1
	86.161 130.823 132.588 1
	23.056 71.660 49.521 1
	77.968 76.782 1.839 1
	48.787 79.166 155.042 1
	7.271 122.871 132.009 1
	-86.580 70.331 124.544 1
	-18.953 128.910 134.880 1
	-12.788 62.808 42.771 1
	-6.933 124.509 129.907 1
	84.918 127.684 129.746 1
	88.946 54.202 132.365 1
	66.102 127.500 147.118 1
	-4.693 125.443 40.691 1
	26.625 117.147 172.689 1
	-34.504 52.993 46.203 1
	-11.196 83.268 53.468 1
	45.430 81.681 178.740 1
	18.174 122.894 113.921 1
	31.776 118.430 37.804 1
	27.788 58.430 147.697 1
	-44.886 89.273 93.650 1
	53.274 102.376 39.832 1
	42.221 55.262 42.187 1
	-88.826 67.758 54.907 1
	88.980 121.398 156.675 1
	-70.548 62.773 40.611 1
	3.971 27.118 131.849 1
	64.269 165.195 152.544 1
	69.483 127.575 137.321 1
	-26.740 56.287 9.041 1
	25.588 121.456 49.859 1
	22.735 116.734 133.419 1
	21.807 55.806 44.204 1
	-12.170 156.417 81.652 1
	39.271 124.888 137.739 1
