This file is created by TexTools software, Resmat Corp.
ODF file name: file Created at Texture lab IITK

B 500 0
	52.088 83.205 70.720 1
	80.936 80.099 25.617 1
	87.582 86.173 79.372 1
	90.000 82.460 9.288 1
	70.073 76.324 7.729 1
	78.243 38.440 15.871 1
	24.036 50.598 84.563 1
	89.771 92.447 55.124 1
	21.171 70.714 91.026 1
	55.611 41.442 15.332 1
	76.994 8.755 42.943 1
	29.845 5.432 59.651 1
	87.021 94.309 82.254 1
	27.364 77.928 93.868 1
	46.851 10.611 37.873 1
	79.876 41.877 33.896 1
	70.525 6.875 30.888 1
	13.900 70.949 12.817 1
	87.777 5.672 4.704 1
	87.938 92.647 81.222 1
	75.951 79.802 28.871 1
	79.040 78.535 7.471 1
	2.922 80.489 8.170 1
	81.784 90.865 64.859 1
	-1.633 59.026 92.132 1
	24.316 27.978 6.967 1
	17.475 11.780 68.675 1
	58.327 91.026 70.136 1
	6.807 83.795 7.460 1
	67.093 12.657 31.994 1
	-22.586 1.793 105.241 1
	88.430 87.519 85.640 1
	29.633 34.887 12.508 1
	15.940 77.149 15.481 1
	3.661 51.755 75.086 1
	78.696 22.741 12.324 1
	86.310 92.791 86.746 1
	5.907 19.377 80.747 1
	-0.281 32.624 86.625 1
	15.779 50.117 12.456 1
	80.552 83.491 9.712 1
	1.352 78.002 91.822 1
	-15.092 4.360 95.042 1
	4.566 79.870 95.208 1
	32.487 17.126 67.512 1
	-0.476 7.116 88.631 1
	22.454 56.465 81.606 1
	22.110 66.394 22.162 1
	11.385 82.065 11.551 1
	87.170 83.228 3.816 1
	24.041 76.450 92.143 1
	87.519 92.699 83.411 1
	-6.812 28.688 98.663 1
	88.064 86.047 22.420 1
	81.056 94.744 75.837 1
	86.356 94.085 60.264 1
	32.292 73.705 8.640 1
	72.943 35.054 39.081 1
	0.304 70.227 4.137 1
	8.302 79.246 92.269 1
	87.915 88.356 16.163 1
	83.405 76.805 9.442 1
	32.114 78.822 43.671 1
	-0.539 19.165 93.455 1
	77.000 81.028 15.000 1
	-1.324 61.834 91.496 1
	38.365 81.251 57.989 1
	19.057 42.170 72.840 1
	8.990 56.259 87.857 1
	88.763 82.861 12.725 1
	88.883 70.823 72.027 1
	2.876 33.598 90.075 1
	-4.079 51.480 81.217 1
	-1.656 86.093 87.938 1
	79.297 74.679 24.488 1
	0.968 79.882 86.356 1
	45.945 38.239 60.963 1
	89.691 85.818 7.185 1
	13.052 76.467 7.236 1
	14.186 86.230 10.697 1
	77.149 82.374 30.476 1
	-1.094 77.355 91.954 1
	32.515 70.388 75.951 1
	83.320 91.289 53.216 1
	64.452 76.473 19.400 1
	76.570 25.474 19.039 1
	89.708 90.224 57.685 1
	7.397 53.096 8.451 1
	19.658 33.398 8.629 1
	22.918 66.715 91.759 1
	2.733 59.834 17.607 1
	18.088 17.034 13.522 1
	58.327 60.911 24.821 1
	-1.719 22.712 94.756 1
	1.467 62.882 8.921 1
	4.830 56.219 13.086 1
	83.554 77.785 0.000 1
	5.477 80.890 93.553 1
	11.035 83.142 87.324 1
	3.925 84.471 4.578 1
	-13.974 8.228 92.785 1
	73.820 72.892 28.413 1
	35.552 45.945 89.966 1
	5.518 13.969 81.956 1
	2.492 61.364 7.093 1
	11.184 4.303 81.589 1
	87.875 89.089 10.256 1
	5.804 79.137 28.396 1
	80.512 78.002 58.264 1
	82.901 94.429 59.146 1
	42.852 6.715 51.480 1
	79.389 79.234 25.514 1
	87.829 92.435 76.370 1
	30.309 65.764 76.622 1
	27.972 14.335 66.916 1
	1.312 60.963 94.074 1
	-16.874 10.456 108.203 1
	30.115 8.973 55.680 1
	87.794 83.067 9.981 1
	84.116 81.795 19.658 1
	7.322 64.675 18.226 1
	59.937 8.743 26.322 1
	79.973 84.998 30.877 1
	-15.991 9.385 106.690 1
	85.640 83.216 2.699 1
	-52.088 83.205 70.720 1
	-80.936 80.099 25.617 1
	-87.582 86.173 79.372 1
	-90.000 82.460 9.288 1
	-70.073 76.324 7.729 1
	-55.439 24.259 4.171 1
	-24.036 50.598 84.563 1
	-89.771 92.447 55.124 1
	-21.171 70.714 91.026 1
	-55.611 41.442 15.332 1
	-76.994 8.755 42.943 1
	-29.845 5.432 59.651 1
	-87.021 94.309 82.254 1
	-27.364 77.928 93.868 1
	-46.851 10.611 37.873 1
	-79.876 41.877 33.896 1
	-70.525 6.875 30.888 1
	-13.900 70.949 12.817 1
	-87.800 5.672 4.687 1
	-87.938 92.647 81.222 1
	-75.951 79.802 28.871 1
	-79.040 78.535 7.471 1
	-2.922 80.489 8.170 1
	-81.784 90.865 64.859 1
	1.633 59.026 92.132 1
	-24.316 27.978 6.967 1
	-17.475 11.780 68.675 1
	-58.333 91.026 70.136 1
	-6.807 83.795 7.460 1
	-67.093 12.657 31.994 1
	22.592 1.793 105.241 1
	-88.436 87.514 85.646 1
	-29.633 34.887 12.508 1
	-15.940 77.149 15.481 1
	-3.661 51.755 75.086 1
	-78.684 22.741 12.330 1
	-86.310 92.791 86.746 1
	-5.907 19.377 80.747 1
	0.281 32.624 86.620 1
	-15.768 50.117 12.473 1
	-80.552 83.491 9.712 1
	-1.358 78.002 91.822 1
	15.092 4.360 95.042 1
	-4.566 79.870 95.208 1
	-32.487 17.126 67.512 1
	0.470 7.116 88.625 1
	-22.454 56.465 81.606 1
	-22.110 66.394 22.162 1
	-11.385 82.065 11.551 1
	-87.176 83.228 3.810 1
	-24.041 76.450 92.143 1
	-87.519 92.699 83.411 1
	6.812 28.688 98.663 1
	-88.064 86.047 22.420 1
	-81.056 94.744 75.837 1
	-86.356 94.085 60.264 1
	-32.292 73.705 8.640 1
	-72.943 35.054 39.081 1
	-0.304 70.227 4.137 1
	-8.302 79.246 92.269 1
	-87.915 88.356 16.163 1
	-83.405 76.805 9.442 1
	-32.114 78.822 43.671 1
	0.539 19.165 93.455 1
	-77.000 81.028 15.000 1
	1.324 61.834 91.496 1
	-38.365 81.251 57.989 1
	-19.057 42.170 72.840 1
	-8.990 56.259 87.857 1
	-88.763 82.861 12.725 1
	-88.883 70.823 72.027 1
	-2.876 33.598 90.075 1
	4.079 51.480 81.217 1
	1.656 86.093 87.938 1
	-79.297 74.679 24.488 1
	-0.968 79.882 86.356 1
	-45.945 38.239 60.963 1
	-89.691 85.818 7.185 1
	-13.052 76.467 7.236 1
	-14.186 86.230 10.697 1
	-77.149 82.374 30.476 1
	1.094 77.355 91.954 1
	-32.515 70.388 75.951 1
	-83.320 91.289 53.216 1
	-64.452 76.473 19.400 1
	-76.570 25.474 19.039 1
	-89.708 90.224 57.685 1
	-7.397 53.096 8.451 1
	-19.658 33.398 8.629 1
	-22.918 66.715 91.759 1
	-2.733 59.834 17.607 1
	-18.088 17.034 13.522 1
	-58.327 60.911 24.821 1
	1.719 22.712 94.756 1
	-1.473 62.882 8.921 1
	-4.830 56.219 13.086 1
	-83.554 77.785 0.000 1
	-5.477 80.890 93.553 1
	-11.035 83.142 87.324 1
	-3.925 84.471 4.578 1
	13.974 8.228 92.785 1
	-73.820 72.892 28.413 1
	-35.546 45.945 89.966 1
	-5.518 13.969 81.956 1
	-2.492 61.364 7.093 1
	-11.190 4.303 81.583 1
	-87.875 89.089 10.256 1
	-5.804 79.137 28.396 1
	-80.512 78.002 58.264 1
	-82.901 94.429 59.146 1
	-42.852 6.715 51.480 1
	-79.389 79.234 25.514 1
	-87.829 92.435 76.370 1
	-30.309 65.764 76.622 1
	-27.972 14.335 66.916 1
	-1.312 60.963 94.074 1
	16.874 10.456 108.203 1
	-30.115 8.973 55.680 1
	-87.794 83.067 9.981 1
	-84.116 81.795 19.658 1
	-7.322 64.675 18.226 1
	-59.937 8.743 26.322 1
	-79.973 84.998 30.877 1
	15.991 9.385 106.690 1
	-85.640 83.216 2.699 1
	-52.088 96.795 109.280 1
	-80.936 99.901 154.383 1
	-87.588 93.828 100.629 1
	-90.000 97.540 170.713 1
	-70.073 103.677 172.271 1
	-78.209 141.555 164.124 1
	-24.036 129.403 95.438 1
	-89.760 87.554 124.870 1
	-21.171 109.286 88.975 1
	-55.611 138.558 164.662 1
	-77.006 171.246 137.057 1
	-29.845 174.569 120.344 1
	-87.015 85.692 97.741 1
	-27.364 102.072 86.133 1
	-46.851 169.389 142.128 1
	-79.876 138.123 146.104 1
	-70.485 173.125 149.084 1
	-13.900 109.051 167.183 1
	-88.024 174.328 175.359 1
	-87.932 87.365 98.778 1
	-75.951 100.199 151.129 1
	-79.040 101.454 172.552 1
	-2.922 99.511 171.836 1
	-81.790 89.129 115.142 1
	1.639 120.969 87.869 1
	-24.316 152.023 173.028 1
	-17.487 168.220 111.343 1
	-58.327 88.975 109.865 1
	-6.801 96.205 172.535 1
	-67.099 167.344 148.012 1
	22.586 178.207 74.765 1
	-88.430 92.504 94.349 1
	-29.633 145.113 167.493 1
	-15.940 102.852 164.519 1
	-3.661 128.245 104.914 1
	-78.701 157.260 167.676 1
	-86.310 87.210 93.255 1
	-5.907 160.623 99.248 1
	0.281 147.376 93.375 1
	-15.779 129.884 167.544 1
	-80.552 96.515 170.289 1
	-1.358 101.998 88.178 1
	15.120 175.640 84.930 1
	-4.561 100.130 84.792 1
	-32.492 162.875 112.489 1
	0.476 172.884 91.370 1
	-22.454 123.535 98.394 1
	-22.110 113.606 157.838 1
	-11.385 97.936 168.450 1
	-87.164 96.761 176.202 1
	-24.041 103.551 87.857 1
	-87.519 87.302 96.589 1
	6.807 151.312 81.337 1
	-88.064 93.954 157.581 1
	-81.056 85.256 104.158 1
	-86.356 85.915 119.737 1
	-32.292 106.295 171.360 1
	-72.943 144.947 140.913 1
	-0.298 109.773 175.875 1
	-8.302 100.755 87.731 1
	-87.915 91.645 163.837 1
	-83.411 103.201 170.552 1
	-32.114 101.179 136.324 1
	0.533 160.835 86.545 1
	-77.000 98.973 165.000 1
	1.318 118.173 88.511 1
	-38.365 98.749 122.011 1
	-19.057 137.831 107.160 1
	-8.990 123.742 92.143 1
	-88.768 97.139 167.275 1
	-88.894 109.177 107.974 1
	-2.876 146.402 89.926 1
	4.079 128.520 98.784 1
	1.656 93.908 92.063 1
	-79.303 105.321 155.512 1
	-0.974 100.107 93.679 1
	-45.945 141.761 119.038 1
	-89.697 94.183 172.810 1
	-13.052 103.533 172.764 1
	-14.186 93.770 169.298 1
	-77.149 97.626 149.525 1
	1.094 102.640 88.046 1
	-32.515 109.613 104.049 1
	-83.320 88.711 126.784 1
	-64.452 103.528 160.600 1
	-76.559 154.527 160.944 1
	-89.708 89.777 122.315 1
	-7.397 126.904 171.549 1
	-19.652 146.597 170.713 1
	-22.918 113.285 88.241 1
	-2.727 120.166 162.388 1
	-18.088 162.966 166.479 1
	-58.327 119.089 155.180 1
	1.719 157.288 85.239 1
	-1.473 117.118 171.079 1
	-4.830 123.782 166.914 1
	-83.554 102.216 180.000 1
	-5.477 99.110 86.448 1
	-11.024 96.841 92.647 1
	-3.925 95.529 175.417 1
	13.980 171.773 87.216 1
	-73.820 107.109 151.587 1
	-35.546 134.055 90.035 1
	-5.512 166.032 98.033 1
	-2.492 118.637 172.913 1
	-11.282 175.698 98.509 1
	-87.875 90.911 169.744 1
	-5.804 100.863 151.599 1
	-80.512 101.998 121.736 1
	-82.901 85.571 120.854 1
	-42.857 173.285 128.520 1
	-79.395 100.766 154.487 1
	-87.829 87.565 103.625 1
	-30.304 114.236 103.373 1
	-27.972 165.665 113.085 1
	-1.312 119.032 85.926 1
	16.879 169.544 71.792 1
	-30.115 171.028 124.320 1
	-87.794 96.933 170.019 1
	-84.116 98.205 160.342 1
	-7.322 115.325 161.775 1
	-59.943 171.257 153.673 1
	-79.973 95.002 149.124 1
	16.060 170.610 73.230 1
	-85.634 96.784 177.296 1
	52.088 96.795 109.280 1
	80.936 99.901 154.383 1
	87.588 93.828 100.629 1
	90.000 97.540 170.713 1
	70.073 103.677 172.271 1
	78.209 141.555 164.124 1
	24.036 129.403 95.438 1
	89.760 87.554 124.870 1
	21.171 109.286 88.975 1
	55.777 137.384 164.806 1
	77.006 171.246 137.057 1
	29.845 174.569 120.344 1
	87.015 85.692 97.741 1
	27.364 102.072 86.133 1
	46.839 169.389 142.116 1
	79.876 138.123 146.104 1
	70.485 173.125 149.084 1
	13.900 109.051 167.183 1
	88.052 174.328 175.371 1
	87.932 87.365 98.778 1
	75.951 100.199 151.129 1
	79.045 101.454 172.552 1
	2.922 99.511 171.836 1
	81.790 89.129 115.142 1
	-1.639 120.969 87.869 1
	24.322 152.023 173.028 1
	17.492 168.220 111.343 1
	58.333 88.975 109.865 1
	6.801 96.205 172.541 1
	67.099 167.344 148.012 1
	-22.592 178.207 74.760 1
	88.430 92.504 94.349 1
	29.633 145.113 167.493 1
	15.940 102.852 164.519 1
	3.661 128.245 104.914 1
	78.701 157.260 167.676 1
	86.310 87.210 93.255 1
	5.907 160.623 99.253 1
	-0.281 147.376 93.375 1
	15.774 129.884 167.539 1
	80.552 96.515 170.289 1
	1.358 101.998 88.178 1
	-15.120 175.640 84.930 1
	4.561 100.130 84.792 1
	32.492 162.875 112.489 1
	-0.476 172.884 91.370 1
	22.454 123.535 98.394 1
	22.110 113.606 157.838 1
	11.385 97.936 168.450 1
	87.170 96.761 176.207 1
	24.041 103.551 87.857 1
	87.519 87.302 96.589 1
	-6.807 151.312 81.337 1
	88.064 93.954 157.581 1
	81.056 85.256 104.158 1
	86.356 85.915 119.737 1
	32.292 106.295 171.360 1
	72.943 144.947 140.913 1
	0.298 109.773 175.869 1
	8.302 100.755 87.731 1
	87.915 91.645 163.837 1
	83.411 103.201 170.552 1
	32.114 101.179 136.324 1
	-0.533 160.835 86.545 1
	77.000 98.973 165.000 1
	-1.318 118.173 88.511 1
	38.365 98.749 122.011 1
	19.057 137.831 107.160 1
	8.990 123.742 92.143 1
	88.768 97.139 167.275 1
	88.889 109.177 107.974 1
	2.876 146.402 89.926 1
	-4.079 128.520 98.784 1
	-1.656 93.908 92.063 1
	79.303 105.321 155.512 1
	0.974 100.107 93.679 1
	45.945 141.761 119.038 1
	89.697 94.183 172.810 1
	13.052 103.533 172.764 1
	14.186 93.770 169.298 1
	77.149 97.626 149.525 1
	-1.094 102.640 88.046 1
	32.515 109.613 104.049 1
	83.320 88.711 126.784 1
	64.452 103.528 160.600 1
	76.553 154.527 160.944 1
	89.708 89.777 122.315 1
	7.397 126.904 171.549 1
	19.652 146.597 170.713 1
	22.918 113.285 88.241 1
	2.727 120.166 162.382 1
	18.088 162.966 166.479 1
	58.327 119.089 155.180 1
	-1.719 157.288 85.245 1
	1.473 117.118 171.079 1
	4.830 123.782 166.914 1
	83.554 102.216 180.000 1
	5.483 99.110 86.448 1
	11.024 96.841 92.647 1
	3.925 95.529 175.417 1
	-13.980 171.773 87.216 1
	73.820 107.109 151.587 1
	35.546 134.055 90.035 1
	5.489 166.032 98.016 1
	2.492 118.637 172.913 1
	11.293 175.698 98.520 1
	87.875 90.911 169.744 1
	5.804 100.863 151.599 1
	80.512 101.998 121.736 1
	82.901 85.571 120.854 1
	42.857 173.285 128.520 1
	79.389 100.766 154.487 1
	87.829 87.565 103.625 1
	30.304 114.236 103.373 1
	27.972 165.665 113.085 1
	1.312 119.032 85.926 1
	-16.902 169.538 71.860 1
	30.120 171.028 124.320 1
	87.794 96.933 170.019 1
	84.116 98.205 160.342 1
	7.322 115.325 161.775 1
	59.943 171.257 153.673 1
	79.973 95.002 149.124 1
	-16.060 170.610 73.224 1
	85.634 96.784 177.296 1
