This file is created by TexTools software, Resmat Corp.
ODF file name: file Created at Texture lab IITK

B 1000 0
	65.432 64.286 59.072 1
	35.598 114.832 25.892 1
	23.623 50.214 54.586 1
	89.427 63.581 45.447 1
	72.651 65.065 57.783 1
	-13.424 40.170 42.319 1
	8.772 37.013 45.900 1
	69.580 55.646 17.103 1
	79.876 64.085 52.529 1
	38.486 93.151 1.902 1
	73.321 57.714 112.798 1
	74.845 64.206 55.336 1
	81.933 63.896 51.005 1
	23.508 50.054 54.534 1
	22.219 48.518 53.382 1
	18.913 43.722 50.884 1
	62.928 111.102 113.721 1
	13.631 38.027 47.378 1
	79.108 64.143 53.073 1
	-1.925 1.937 133.333 1
	23.182 49.618 54.265 1
	83.583 63.764 49.767 1
	81.039 74.886 7.294 1
	69.316 55.170 14.507 1
	81.841 63.896 51.062 1
	66.343 54.013 15.132 1
	88.402 63.593 46.238 1
	19.171 43.854 141.062 1
	89.422 63.581 45.430 1
	79.263 75.693 0.997 1
	61.112 72.112 70.239 1
	28.436 123.421 31.667 1
	12.760 38.136 47.143 1
	65.638 66.520 62.653 1
	78.123 78.432 5.460 1
	13.740 38.480 47.504 1
	89.324 63.581 45.653 1
	23.824 50.483 54.723 1
	35.225 62.527 61.725 1
	26.620 125.673 32.928 1
	17.555 41.700 139.813 1
	84.099 63.747 49.418 1
	52.981 62.429 58.516 1
	44.788 92.206 2.114 1
	-27.416 87.135 1.278 1
	69.442 102.605 103.081 1
	15.842 42.015 48.982 1
	51.394 64.716 61.805 1
	23.841 50.529 54.803 1
	32.934 91.891 0.000 1
	22.999 49.343 54.133 1
	23.062 49.441 54.185 1
	71.895 56.751 112.901 1
	23.869 50.558 54.786 1
	22.821 49.160 53.996 1
	44.731 91.828 0.000 1
	78.025 79.366 4.354 1
	-13.436 39.723 132.376 1
	7.403 79.062 32.063 1
	89.083 63.581 45.808 1
	7.758 28.132 43.138 1
	5.460 26.683 44.267 1
	47.550 89.994 0.040 1
	30.246 57.559 58.596 1
	0.029 38.130 44.983 1
	60.075 86.184 1.713 1
	16.192 41.522 49.102 1
	59.146 62.819 58.459 1
	44.164 79.475 78.690 1
	79.824 64.080 52.546 1
	10.147 39.173 46.524 1
	75.017 64.515 55.812 1
	-3.478 20.798 45.493 1
	19.481 44.691 51.211 1
	13.006 83.388 10.479 1
	34.532 60.619 60.057 1
	23.766 50.403 54.729 1
	82.340 33.885 19.377 1
	53.004 62.303 58.333 1
	88.912 63.587 45.785 1
	21.417 47.057 142.861 1
	0.017 41.505 45.023 1
	4.079 16.495 133.448 1
	46.730 23.520 33.071 1
	16.175 39.981 138.747 1
	86.614 62.527 19.343 1
	36.732 63.363 62.189 1
	86.265 63.644 47.773 1
	76.776 80.059 12.410 1
	65.627 69.030 65.334 1
	84.786 36.962 21.022 1
	63.060 63.232 58.167 1
	19.864 44.920 51.595 1
	-20.294 45.499 38.027 1
	76.782 79.320 8.795 1
	23.010 49.372 54.116 1
	86.883 39.568 22.036 1
	12.319 37.758 46.839 1
	86.660 63.633 47.510 1
	26.918 125.002 32.435 1
	89.960 63.885 39.780 1
	23.119 49.509 54.236 1
	22.890 25.548 67.111 1
	40.577 99.099 9.351 1
	79.211 76.541 9.706 1
	88.871 63.587 45.905 1
	22.930 49.355 54.076 1
	-25.124 52.265 34.251 1
	70.949 65.329 58.929 1
	23.571 50.145 54.580 1
	31.891 59.272 59.645 1
	22.196 48.495 53.400 1
	23.434 50.220 54.420 1
	6.744 27.124 134.015 1
	43.848 86.333 86.253 1
	7.827 74.112 35.076 1
	-19.492 44.576 38.669 1
	64.406 65.724 61.673 1
	-24.626 51.589 34.630 1
	82.449 63.862 50.649 1
	80.609 75.997 0.768 1
	74.674 78.518 2.384 1
	20.856 46.341 52.357 1
	22.941 49.366 54.070 1
	-5.248 64.698 13.235 1
	87.399 63.616 46.948 1
	78.088 64.263 53.835 1
	48.593 98.537 8.348 1
	10.903 35.678 46.037 1
	9.901 74.072 35.627 1
	89.697 77.063 26.992 1
	5.907 77.481 31.983 1
	-25.033 52.151 34.303 1
	-0.046 42.038 45.046 1
	29.364 57.479 58.843 1
	22.861 49.160 54.047 1
	22.420 48.650 53.646 1
	43.677 65.684 63.438 1
	-17.177 41.517 40.411 1
	14.060 39.236 47.819 1
	10.004 84.614 12.777 1
	22.764 49.080 53.938 1
	23.188 49.624 54.259 1
	24.265 30.384 62.149 1
	77.727 64.315 54.093 1
	8.497 108.862 53.342 1
	45.539 93.283 2.641 1
	15.533 40.502 48.610 1
	27.324 124.699 32.321 1
	15.390 40.818 48.661 1
	26.608 54.104 56.837 1
	89.358 63.581 45.441 1
	12.307 39.076 47.120 1
	13.768 61.106 67.890 1
	13.012 37.580 47.068 1
	78.083 64.137 53.623 1
	28.860 94.108 4.595 1
	90.000 63.575 45.000 1
	29.593 57.359 58.637 1
	73.786 64.160 55.772 1
	6.812 75.860 32.985 1
	14.673 40.153 48.186 1
	77.281 64.326 54.351 1
	62.550 65.271 61.341 1
	-0.625 23.669 134.576 1
	37.976 61.123 59.616 1
	48.919 89.966 0.092 1
	23.170 49.584 54.242 1
	44.868 67.953 65.793 1
	88.786 63.587 45.986 1
	70.972 17.727 9.798 1
	78.163 78.123 5.632 1
	-23.016 49.349 35.890 1
	11.963 36.767 46.593 1
	9.001 35.684 45.636 1
	-4.131 17.939 136.679 1
	23.050 49.418 54.139 1
	23.050 49.418 54.139 1
	38.801 61.186 59.427 1
	29.192 56.746 58.224 1
	73.596 64.103 55.783 1
	44.335 98.388 8.766 1
	36.383 61.312 60.235 1
	40.502 2.641 74.570 1
	29.095 57.141 58.637 1
	52.930 62.286 58.276 1
	50.839 66.091 63.673 1
	83.027 63.833 50.254 1
	21.950 48.157 53.199 1
	9.568 75.900 34.779 1
	44.238 93.782 3.942 1
	18.833 43.551 50.833 1
	86.494 63.638 47.607 1
	52.070 63.673 60.327 1
	20.947 46.444 52.512 1
	3.845 28.419 134.616 1
	77.515 38.205 26.345 1
	84.070 63.753 49.429 1
	43.866 110.014 21.967 1
	23.262 49.710 54.328 1
	23.113 49.504 54.185 1
	88.826 9.322 3.787 1
	30.424 121.089 30.155 1
	81.881 115.972 128.755 1
	88.568 63.593 46.060 1
	76.541 115.566 35.094 1
	35.260 115.514 26.396 1
	14.249 39.087 47.836 1
	-9.735 39.259 43.631 1
	77.521 64.005 53.715 1
	27.141 125.008 32.573 1
	-14.290 37.947 42.410 1
	26.763 125.558 32.968 1
	31.060 58.705 59.404 1
	73.768 35.695 25.577 1
	75.785 58.482 11.637 1
	65.271 66.062 62.017 1
	20.334 45.562 51.967 1
	67.191 113.789 28.321 1
	56.150 114.420 27.250 1
	22.351 48.610 53.543 1
	4.652 74.020 33.369 1
	17.825 41.935 140.002 1
	23.216 49.801 54.271 1
	23.938 50.638 54.844 1
	28.608 56.431 58.155 1
	22.093 48.340 53.291 1
	78.661 75.143 3.518 1
	24.861 122.951 30.390 1
	43.906 95.008 5.099 1
	88.447 63.593 46.215 1
	23.732 50.374 54.677 1
	84.718 63.719 48.976 1
	23.440 50.002 54.471 1
	52.844 62.538 58.682 1
	-12.233 27.806 133.276 1
	52.976 62.378 58.436 1
	61.324 67.878 65.798 1
	88.195 63.598 46.369 1
	53.050 62.246 58.276 1
	77.154 64.315 54.397 1
	28.900 56.878 58.499 1
	45.298 91.341 1.524 1
	23.927 50.632 54.849 1
	6.520 83.067 15.516 1
	52.076 63.713 60.418 1
	-12.496 35.712 133.516 1
	23.858 50.541 54.803 1
	83.784 38.680 23.090 1
	73.997 64.779 56.717 1
	-48.025 80.873 98.841 1
	-34.217 62.670 27.840 1
	-23.365 49.847 35.575 1
	-86.287 63.650 42.193 1
	-79.779 76.719 83.079 1
	-23.617 50.197 35.369 1
	-14.221 37.151 42.651 1
	-83.274 64.458 38.291 1
	-78.358 79.005 82.053 1
	-34.435 63.656 26.986 1
	-72.124 56.454 67.529 1
	-73.350 64.349 33.667 1
	-72.359 57.233 76.049 1
	-8.531 83.045 76.851 1
	19.400 44.416 51.274 1
	-18.060 42.817 39.746 1
	-86.282 79.527 71.345 1
	-18.759 43.344 39.248 1
	-84.689 63.707 41.098 1
	-88.150 20.936 90.791 1
	-13.287 78.146 53.715 1
	-86.603 35.420 71.551 1
	-49.469 81.807 8.033 1
	-76.851 64.263 35.546 1
	-20.764 46.146 37.661 1
	-78.787 64.148 36.755 1
	-84.637 63.719 41.030 1
	-21.755 47.567 36.893 1
	-82.689 63.845 39.597 1
	-79.515 99.889 1.341 1
	-55.050 92.722 86.551 1
	-28.298 56.413 31.702 1
	-23.044 25.038 22.678 1
	-47.865 86.769 93.226 1
	-73.625 64.802 33.140 1
	-21.841 47.659 36.790 1
	-86.196 35.867 71.075 1
	-34.779 116.797 62.487 1
	-46.438 66.984 115.291 1
	-26.923 54.654 32.808 1
	-15.183 39.631 41.734 1
	-52.918 62.361 31.587 1
	-52.895 62.458 31.455 1
	-36.767 63.037 28.081 1
	-2.149 66.990 10.468 1
	-89.112 74.868 61.192 1
	-24.637 51.601 34.595 1
	-45.688 95.953 84.225 1
	-25.468 52.735 33.942 1
	-30.751 88.430 1.570 1
	-22.219 48.237 36.520 1
	-27.834 124.148 57.972 1
	-73.115 57.193 73.178 1
	-40.290 112.048 65.925 1
	22.133 48.249 53.388 1
	-30.711 59.158 30.166 1
	-74.330 64.716 33.541 1
	11.327 39.523 46.839 1
	-26.665 54.322 32.951 1
	-83.096 35.197 69.574 1
	-33.902 19.355 31.994 1
	-16.885 3.002 113.239 1
	-66.423 66.177 28.109 1
	-29.032 56.631 31.788 1
	-15.350 38.967 41.774 1
	-68.417 65.844 29.267 1
	-21.709 47.515 36.864 1
	-27.112 54.838 32.750 1
	-44.261 93.088 86.855 1
	-83.205 64.315 128.732 1
	-66.349 63.868 31.851 1
	-82.724 63.856 129.523 1
	22.918 5.856 59.336 1
	-21.927 47.813 36.755 1
	-30.298 58.740 30.367 1
	-53.119 62.217 31.782 1
	-27.880 123.948 58.155 1
	-87.869 63.598 43.442 1
	-83.807 63.770 40.353 1
	-87.496 63.610 43.155 1
	-21.469 46.971 37.093 1
	-28.230 56.316 31.782 1
	3.380 16.851 43.333 1
	8.852 32.086 44.633 1
	-15.682 39.471 41.551 1
	-84.053 63.753 40.542 1
	-44.593 89.215 90.791 1
	-84.878 63.707 41.224 1
	-74.238 64.658 33.621 1
	-89.129 66.165 70.714 1
	-32.636 17.670 30.292 1
	-52.999 62.309 31.576 1
	-20.237 45.395 38.062 1
	-11.236 40.565 43.018 1
	-82.357 63.873 39.305 1
	-12.760 41.093 42.422 1
	-90.000 63.575 44.914 1
	-22.615 48.793 36.136 1
	-89.290 63.581 44.696 1
	-26.557 54.185 33.065 1
	-79.819 104.542 1.375 1
	-23.050 49.400 35.821 1
	-17.836 42.015 39.964 1
	-39.866 85.703 3.925 1
	-69.202 65.741 29.782 1
	-71.253 39.557 59.622 1
	18.701 43.917 50.810 1
	-26.339 53.892 33.226 1
	-81.389 74.868 83.984 1
	23.657 50.277 54.654 1
	-28.860 56.843 31.513 1
	2.120 40.835 45.229 1
	-26.178 53.669 33.415 1
	-14.037 34.423 42.496 1
	-43.774 90.871 89.135 1
	-25.600 52.907 33.816 1
	-24.861 51.904 34.429 1
	-52.300 69.769 111.326 1
	-24.758 51.767 34.423 1
	-82.517 71.282 95.707 1
	-67.202 66.028 28.688 1
	-56.207 63.203 30.682 1
	17.624 42.594 50.013 1
	-29.043 122.665 58.837 1
	-26.562 54.190 33.083 1
	-89.301 63.581 44.702 1
	-83.875 63.782 130.399 1
	-49.744 78.335 11.259 1
	-18.587 43.018 39.374 1
	-26.551 54.173 33.094 1
	-60.711 70.995 20.672 1
	-28.751 56.929 31.421 1
	-26.150 53.635 33.346 1
	-11.912 41.923 42.697 1
	-24.631 51.589 34.647 1
	-41.219 99.150 80.375 1
	-21.709 47.521 36.984 1
	-44.542 78.409 102.554 1
	8.153 39.689 46.060 1
	-23.428 49.933 35.500 1
	-26.728 54.414 32.905 1
	-39.941 110.048 67.987 1
	-19.509 44.588 38.635 1
	-16.490 40.267 40.961 1
	-89.227 65.644 63.415 1
	-6.950 75.166 56.814 1
	-56.522 65.420 27.393 1
	-24.947 52.036 34.280 1
	-26.706 54.488 32.853 1
	-23.107 49.481 35.793 1
	-20.403 45.659 37.958 1
	-85.417 63.684 41.522 1
	-11.992 39.041 42.966 1
	23.812 50.478 54.735 1
	-23.256 49.693 35.707 1
	-69.328 55.978 70.938 1
	-34.630 63.610 27.101 1
	-82.265 63.873 39.230 1
	-36.583 61.358 29.794 1
	-53.010 62.361 31.587 1
	-26.728 54.397 32.888 1
	-26.453 54.030 33.146 1
	-83.984 63.707 40.611 1
	-46.284 82.941 96.841 1
	88.144 6.732 4.532 1
	-37.305 60.968 30.350 1
	-61.868 67.540 24.775 1
	-21.881 47.756 36.761 1
	-44.169 77.235 103.923 1
	-69.918 38.445 59.484 1
	-11.270 24.236 43.648 1
	-71.631 65.128 31.656 1
	-24.906 51.973 34.383 1
	-23.142 27.095 23.915 1
	-11.711 35.569 43.866 1
	-65.747 3.558 136.908 1
	0.063 41.150 44.983 1
	-11.155 79.704 79.836 1
	-46.799 62.452 30.911 1
	-36.010 16.856 46.679 1
	-52.873 62.401 31.518 1
	-43.889 68.033 24.104 1
	-29.885 57.302 31.553 1
	-5.987 20.924 45.997 1
	-27.405 55.227 32.401 1
	-88.281 63.593 43.803 1
	-47.286 78.701 100.881 1
	-69.884 65.690 120.149 1
	-24.397 51.268 34.750 1
	-30.596 58.963 30.206 1
	-32.836 61.272 28.791 1
	-19.652 44.599 38.537 1
	-88.018 63.598 43.608 1
	-46.604 81.228 98.463 1
	-18.701 43.533 39.282 1
	57.777 11.442 28.384 1
	-88.516 63.587 43.963 1
	-87.244 63.616 42.966 1
	-43.298 69.070 23.056 1
	-9.036 41.602 43.705 1
	-45.264 72.135 108.931 1
	-26.889 35.042 41.213 1
	-30.258 58.585 30.401 1
	-68.635 66.222 118.980 1
	-88.654 63.587 44.095 1
	-77.080 64.378 35.489 1
	-36.560 68.199 22.706 1
	-20.025 45.086 38.222 1
	0.665 39.362 45.034 1
	-76.364 64.343 35.128 1
	-27.382 55.250 32.504 1
	0.126 37.666 45.012 1
	-26.665 54.322 32.962 1
	-26.986 54.700 32.779 1
	-84.706 63.719 41.098 1
	-82.185 63.885 39.173 1
	-45.928 88.402 91.587 1
	-19.945 45.029 38.302 1
	-71.287 65.254 31.335 1
	-51.423 68.870 22.626 1
	-29.588 121.851 59.381 1
	-28.264 56.350 31.742 1
	-27.427 55.073 32.613 1
	-27.130 54.901 32.647 1
	-28.562 56.666 31.564 1
	-21.664 47.447 37.002 1
	-25.657 52.981 33.759 1
	-67.758 64.280 31.690 1
	-26.436 54.093 33.065 1
	-43.889 87.989 0.974 1
	-79.647 37.374 66.051 1
	-25.783 53.153 33.633 1
	-85.657 63.673 41.683 1
	-44.353 73.992 106.868 1
	-21.566 47.292 37.030 1
	-4.727 10.090 45.670 1
	-83.738 63.770 40.325 1
	-50.684 83.640 96.337 1
	-85.990 34.320 72.800 1
	-52.947 62.349 31.616 1
	-76.851 58.940 76.455 1
	-28.974 56.958 31.427 1
	-51.234 68.875 22.632 1
	-24.328 51.171 34.801 1
	-32.928 61.753 28.413 1
	-49.177 105.585 73.711 1
	10.485 36.303 46.072 1
	-8.090 70.090 53.096 1
	-88.705 63.587 44.158 1
	-80.999 74.777 82.540 1
	-48.002 99.047 81.251 1
	-34.228 117.302 152.097 1
	-23.348 130.170 144.397 1
	-86.202 116.345 137.859 1
	-81.102 103.797 92.137 1
	-23.606 129.821 144.586 1
	-14.278 142.764 137.418 1
	-83.279 115.543 141.692 1
	-76.427 99.689 95.856 1
	-34.475 116.288 152.980 1
	-72.267 123.398 100.881 1
	-73.367 115.663 146.288 1
	-73.230 122.430 102.892 1
	-6.125 97.655 104.983 1
	19.440 135.550 128.732 1
	-18.128 137.120 140.375 1
	-89.410 110.220 97.649 1
	-18.804 136.622 140.759 1
	-84.700 116.293 138.908 1
	-89.582 157.707 90.550 1
	-13.338 102.680 126.658 1
	-87.256 146.087 106.433 1
	-49.412 98.062 172.122 1
	-76.851 115.720 144.506 1
	-20.747 133.860 142.294 1
	-78.793 115.846 143.280 1
	-84.591 116.276 139.011 1
	-21.692 132.508 143.068 1
	-82.718 116.161 140.386 1
	-79.710 80.672 177.078 1
	-55.050 87.233 93.495 1
	-28.310 123.581 148.293 1
	-22.042 157.197 159.340 1
	-47.865 93.169 86.837 1
	-73.625 115.170 146.946 1
	-23.245 130.331 144.334 1
	-82.093 141.188 114.551 1
	-34.773 63.203 117.514 1
	-46.501 113.004 64.716 1
	-26.906 125.380 147.216 1
	-15.206 140.369 138.301 1
	-52.924 117.628 148.436 1
	-52.821 117.537 148.551 1
	-36.933 116.820 152.046 1
	-1.129 112.815 170.306 1
	-89.078 105.212 118.860 1
	-24.717 128.291 145.497 1
	-45.705 83.973 95.856 1
	-25.474 127.260 146.053 1
	-30.774 91.564 178.431 1
	-23.027 130.623 144.150 1
	-27.834 55.852 122.029 1
	-71.138 123.530 110.936 1
	-40.273 67.947 114.082 1
	23.004 130.657 125.862 1
	-30.728 120.831 149.851 1
	-75.344 115.405 145.801 1
	11.247 140.484 133.178 1
	-26.637 125.718 146.992 1
	-83.629 143.835 110.827 1
	-59.244 164.720 129.225 1
	40.514 165.115 144.059 1
	-66.251 113.778 152.011 1
	-29.060 123.352 148.213 1
	-15.556 140.959 138.346 1
	-68.388 114.202 150.608 1
	-23.835 129.506 144.769 1
	-27.124 125.140 147.307 1
	-44.261 86.837 93.226 1
	-83.182 115.646 51.354 1
	-65.844 116.173 148.299 1
	-82.718 116.144 50.483 1
	11.671 177.605 112.976 1
	-24.167 129.036 145.021 1
	-30.287 121.284 149.576 1
	-53.142 117.789 148.196 1
	-27.880 56.052 121.845 1
	-87.886 116.402 136.547 1
	-83.795 116.230 139.658 1
	-87.491 116.391 136.851 1
	-21.497 132.978 142.867 1
	-28.235 123.679 148.253 1
	3.398 163.150 136.662 1
	14.324 142.976 132.628 1
	-15.688 140.529 138.432 1
	-84.001 116.242 139.487 1
	-44.593 90.774 89.221 1
	-84.884 116.293 138.770 1
	-74.267 115.331 146.408 1
	-89.210 113.950 110.168 1
	-26.241 157.632 156.492 1
	-52.999 117.691 148.425 1
	-23.165 130.434 144.254 1
	-11.396 139.424 137.046 1
	-82.403 116.133 140.667 1
	-12.605 138.925 137.493 1
	-88.671 116.414 135.934 1
	-22.609 131.219 143.853 1
	-89.353 116.419 135.264 1
	-26.620 125.736 146.969 1
	-80.117 75.441 178.367 1
	-23.096 130.543 144.213 1
	-17.853 137.968 139.979 1
	-39.683 92.407 178.075 1
	-79.790 81.704 177.342 1
	-69.477 139.796 121.633 1
	18.673 136.100 129.271 1
	-26.310 126.148 146.786 1
	-78.117 101.442 95.982 1
	26.007 126.509 123.449 1
	-28.837 123.192 148.419 1
	-21.973 132.118 143.291 1
	-26.196 126.297 146.660 1
	-2.441 176.637 140.908 1
	-43.780 88.986 91.009 1
	-25.600 127.093 146.184 1
	-24.815 128.153 145.577 1
	-52.294 110.226 68.680 1
	-24.758 128.228 145.480 1
	-82.580 108.742 84.225 1
	-67.334 113.984 151.301 1
	-56.093 116.809 149.290 1
	17.590 137.435 130.044 1
	-29.043 57.330 121.163 1
	-26.545 125.827 146.935 1
	-89.330 116.419 135.264 1
	-83.881 116.219 49.601 1
	-49.555 101.219 169.074 1
	-18.529 137.052 140.604 1
	-26.580 125.793 146.941 1
	-61.089 109.280 158.807 1
	-28.768 123.054 148.620 1
	-26.190 126.303 146.660 1
	-12.130 138.066 137.407 1
	-24.631 128.406 145.359 1
	-41.213 80.764 99.723 1
	-22.317 131.620 143.492 1
	-44.547 101.534 77.515 1
	8.285 140.312 133.912 1
	-23.423 130.073 144.460 1
	-26.717 125.610 147.084 1
	-39.941 69.941 112.019 1
	-47.682 68.652 113.108 1
	-16.467 139.762 139.022 1
	-79.103 97.185 90.860 1
	-4.807 104.422 122.561 1
	-58.321 114.305 152.768 1
	-24.998 127.896 145.715 1
	-26.700 125.529 147.107 1
	-23.119 130.508 144.236 1
	-20.432 134.330 142.099 1
	-85.405 116.316 138.495 1
	-12.009 140.959 137.040 1
	25.817 126.796 123.633 1
	-23.239 130.331 144.328 1
	-69.351 124.017 109.080 1
	-34.635 116.419 152.825 1
	-82.277 116.127 140.747 1
	-36.503 118.665 150.293 1
	-52.832 117.600 148.499 1
	-26.677 125.661 147.090 1
	-26.459 125.959 146.883 1
	-84.019 116.293 139.372 1
	-46.261 96.967 83.256 1
	16.702 174.655 112.414 1
	-37.363 119.049 149.576 1
	-61.564 112.283 155.592 1
	-23.147 130.462 144.231 1
	-44.175 102.720 76.135 1
	-71.986 139.951 120.699 1
	-74.141 163.436 113.211 1
	-71.562 114.849 148.436 1
	-24.970 127.941 145.646 1
	-7.500 171.721 142.185 1
	-12.032 144.460 136.295 1
	52.030 173.033 138.089 1
	-12.290 105.539 127.311 1
	-12.364 94.905 99.746 1
	-46.885 117.531 149.124 1
	-18.461 169.521 152.630 1
	-53.022 117.611 148.488 1
	-43.900 111.979 155.867 1
	-29.822 122.750 148.459 1
	-12.599 149.026 136.564 1
	-27.370 124.813 147.508 1
	-88.281 116.408 136.209 1
	-47.275 101.287 79.125 1
	-69.855 114.305 59.863 1
	-24.437 128.669 145.256 1
	-30.521 121.140 149.668 1
	-32.865 118.700 151.215 1
	-23.709 129.672 144.643 1
	-87.955 116.402 136.473 1
	-46.610 98.778 81.532 1
	-18.661 136.490 140.724 1
	45.516 168.667 150.533 1
	-88.533 116.414 136.026 1
	-87.261 116.385 137.023 1
	-42.731 111.102 156.738 1
	-9.036 138.398 136.295 1
	-45.281 107.848 71.093 1
	-12.301 157.861 47.836 1
	-30.258 121.415 149.594 1
	-68.640 113.778 61.020 1
	-88.659 116.414 135.911 1
	-77.739 115.703 144.093 1
	-36.463 112.042 156.950 1
	-20.025 134.903 141.784 1
	0.882 140.638 134.954 1
	-76.364 115.669 144.849 1
	-27.450 124.658 147.537 1
	0.269 142.334 134.983 1
	-26.717 125.604 147.050 1
	-27.004 125.271 147.290 1
	-84.712 116.282 138.896 1
	-82.219 116.121 140.804 1
	-45.923 91.519 88.493 1
	-24.374 128.761 145.193 1
	-71.270 114.735 148.711 1
	-51.251 110.993 157.495 1
	-29.570 58.127 120.619 1
	-28.247 123.673 148.201 1
	-27.473 124.888 147.422 1
	-27.118 125.111 147.319 1
	-28.636 123.243 148.482 1
	-21.652 132.577 143.068 1
	-25.657 127.013 146.316 1
	-68.102 115.652 148.390 1
	-26.373 126.005 146.855 1
	-43.889 92.269 178.155 1
	-69.895 140.822 121.089 1
	-25.812 126.818 146.270 1
	-85.640 116.328 138.318 1
	-44.370 106.009 73.138 1
	-21.515 132.777 142.947 1
	-87.938 175.468 4.286 1
	-83.692 116.224 139.716 1
	-50.667 96.268 83.744 1
	-81.979 142.495 112.764 1
	-52.844 117.645 148.413 1
	-73.241 122.493 106.690 1
	-28.974 123.031 148.602 1
	-50.581 110.753 157.770 1
	-24.311 128.841 145.159 1
	-32.911 118.310 151.605 1
	-49.183 74.399 106.307 1
	10.560 143.698 133.912 1
	-7.087 109.830 126.681 1
	-88.562 116.414 136.014 1
	-78.518 101.041 98.050 1
	65.420 115.732 120.946 1
	35.563 65.128 154.212 1
	25.548 127.157 123.839 1
	89.467 116.419 134.576 1
	72.668 114.935 122.229 1
	-13.459 139.819 137.722 1
	9.465 142.987 133.975 1
	69.420 124.762 165.946 1
	79.882 115.915 127.477 1
	38.486 86.585 176.992 1
	72.663 122.836 77.091 1
	74.834 115.795 124.658 1
	81.950 116.104 129.007 1
	33.650 117.514 117.898 1
	23.789 129.569 125.237 1
	18.913 136.278 129.116 1
	62.888 68.933 66.320 1
	20.678 133.969 127.741 1
	79.114 115.858 126.927 1
	-2.023 177.399 44.926 1
	28.086 123.868 121.925 1
	83.606 116.236 130.262 1
	79.830 103.642 177.726 1
	72.760 122.630 167.688 1
	81.841 116.104 128.938 1
	74.485 122.126 160.526 1
	88.419 116.408 133.774 1
	19.114 136.192 38.984 1
	89.456 116.419 134.594 1
	77.642 103.894 175.291 1
	61.135 107.905 109.784 1
	28.396 56.534 148.385 1
	20.512 134.215 127.850 1
	65.644 113.480 117.353 1
	77.819 101.396 175.422 1
	18.747 136.702 129.265 1
	89.381 116.419 134.399 1
	32.699 118.975 118.980 1
	35.208 117.491 118.281 1
	26.614 54.305 147.021 1
	17.447 138.386 40.279 1
	84.116 116.253 130.589 1
	52.987 117.577 121.479 1
	44.811 87.433 177.525 1
	-3.306 114.122 168.518 1
	69.465 77.384 76.908 1
	15.779 138.008 131.047 1
	51.440 115.285 118.201 1
	25.222 127.603 124.126 1
	32.968 88.115 180.000 1
	28.636 123.209 121.501 1
	29.822 121.817 120.671 1
	69.970 123.770 65.678 1
	33.661 118.069 118.430 1
	25.371 127.403 124.028 1
	44.731 88.218 177.646 1
	78.742 101.528 173.589 1
	-13.585 140.237 47.716 1
	9.007 100.164 147.731 1
	89.124 116.419 134.238 1
	21.555 132.829 127.076 1
	5.432 153.306 135.768 1
	47.550 90.006 179.960 1
	30.178 122.498 121.461 1
	0.034 141.870 135.018 1
	69.597 98.486 175.382 1
	22.093 131.952 126.612 1
	59.141 117.181 121.542 1
	44.164 100.537 101.328 1
	79.830 115.921 127.454 1
	21.772 132.405 126.887 1
	75.012 115.485 124.194 1
	-4.223 164.553 133.608 1
	22.804 130.938 126.039 1
	12.806 95.936 169.974 1
	62.825 116.465 121.352 1
	26.963 125.289 122.756 1
	84.368 142.758 158.847 1
	52.964 117.697 121.662 1
	88.935 116.414 134.233 1
	21.434 132.909 37.105 1
	-0.086 138.501 134.937 1
	3.501 166.375 46.524 1
	-46.054 175.795 57.181 1
	16.106 140.082 41.276 1
	73.677 121.736 147.680 1
	36.715 116.637 117.812 1
	86.270 116.356 132.233 1
	79.624 102.571 174.070 1
	65.644 110.988 114.683 1
	84.523 141.641 157.168 1
	63.088 116.769 121.839 1
	24.053 129.213 125.031 1
	-20.271 134.513 141.927 1
	75.057 101.236 171.704 1
	27.462 124.664 122.384 1
	83.050 141.228 156.572 1
	22.941 130.755 125.907 1
	86.528 116.362 132.433 1
	26.929 55.027 147.605 1
	89.725 116.139 139.807 1
	23.749 129.620 125.294 1
	25.663 143.165 124.108 1
	40.113 88.155 180.000 1
	77.871 102.187 169.538 1
	88.883 116.414 134.101 1
	23.801 129.557 125.237 1
	-25.021 127.867 145.778 1
	70.944 114.672 121.077 1
	26.184 126.286 123.346 1
	31.902 120.728 120.361 1
	26.832 125.466 122.882 1
	26.035 126.521 123.467 1
	5.959 152.882 45.842 1
	43.848 93.810 93.896 1
	12.473 101.757 144.351 1
	-19.945 134.891 141.744 1
	64.406 114.276 118.333 1
	-24.631 128.406 145.394 1
	82.437 116.139 129.339 1
	78.255 101.316 173.291 1
	74.868 101.700 174.941 1
	23.824 129.517 125.277 1
	30.413 121.175 120.287 1
	-3.650 114.294 168.387 1
	87.405 116.385 133.058 1
	78.088 115.737 126.171 1
	48.862 80.541 170.913 1
	18.489 137.097 129.454 1
	10.399 103.132 144.947 1
	88.419 100.182 155.673 1
	7.087 103.396 146.792 1
	-25.055 127.815 145.743 1
	0.011 137.963 134.949 1
	29.364 122.521 121.158 1
	31.828 119.565 119.261 1
	26.350 126.097 123.249 1
	43.677 114.317 116.563 1
	-17.137 138.518 139.590 1
	19.400 135.797 128.767 1
	11.161 99.443 168.610 1
	35.489 116.041 117.015 1
	41.087 116.563 118.625 1
	25.623 143.211 124.183 1
	77.722 115.686 125.902 1
	7.145 77.768 122.773 1
	45.458 87.536 177.789 1
	23.749 129.620 125.300 1
	27.284 55.239 147.519 1
	23.205 130.377 125.713 1
	26.602 125.890 123.163 1
	89.416 116.419 134.588 1
	12.364 140.919 132.869 1
	1.696 112.827 99.861 1
	22.861 130.869 126.005 1
	78.088 115.864 126.383 1
	30.900 85.273 175.955 1
	90.000 116.425 135.018 1
	29.582 122.647 121.358 1
	73.774 115.841 124.229 1
	6.600 109.773 143.566 1
	23.571 129.867 125.409 1
	77.281 115.674 125.650 1
	62.601 114.729 118.665 1
	-1.157 156.297 45.338 1
	37.958 118.900 120.436 1
	48.850 90.006 179.897 1
	25.434 127.317 123.977 1
	44.811 112.059 114.219 1
	88.803 116.414 134.026 1
	75.539 160.400 172.306 1
	77.716 100.961 174.322 1
	-23.010 130.657 144.093 1
	14.645 141.486 132.136 1
	9.036 144.322 134.353 1
	-4.297 162.130 43.379 1
	29.267 122.458 121.055 1
	30.229 121.324 120.373 1
	38.795 118.814 120.573 1
	29.192 123.255 121.776 1
	73.556 115.898 124.200 1
	44.250 79.830 169.137 1
	36.366 118.694 119.765 1
	12.622 153.157 132.508 1
	29.078 122.882 121.375 1
	53.016 117.731 121.736 1
	50.667 113.915 116.339 1
	83.027 116.167 129.746 1
	23.984 129.299 125.088 1
	10.691 107.189 142.764 1
	44.238 86.540 176.740 1
	22.248 131.723 126.515 1
	86.505 116.362 132.399 1
	52.111 116.328 119.674 1
	22.746 131.013 126.045 1
	3.913 151.542 45.476 1
	84.133 142.088 157.661 1
	84.070 116.247 130.571 1
	43.396 69.832 157.781 1
	26.969 125.283 122.762 1
	32.487 119.169 119.112 1
	12.857 158.709 131.603 1
	30.367 58.831 149.668 1
	81.881 64.028 51.240 1
	88.579 116.408 133.946 1
	76.513 64.452 144.970 1
	35.300 64.561 153.633 1
	23.692 129.700 125.357 1
	-9.649 140.747 136.335 1
	77.544 115.995 126.303 1
	27.095 54.947 147.393 1
	-14.244 142.053 137.539 1
	26.757 54.442 147.055 1
	31.054 121.295 120.602 1
	77.114 140.243 152.367 1
	68.778 124.802 158.898 1
	65.243 113.921 117.961 1
	23.325 130.216 125.610 1
	66.973 66.285 151.834 1
	56.465 65.569 152.808 1
	30.957 120.665 120.012 1
	6.618 110.873 142.357 1
	17.842 138.043 40.038 1
	26.396 126.039 123.192 1
	25.554 127.157 123.845 1
	28.596 123.570 121.845 1
	25.113 127.752 124.200 1
	80.191 105.430 179.101 1
	24.901 56.963 149.513 1
	43.883 87.926 178.757 1
	87.491 116.391 133.087 1
	25.124 127.729 124.183 1
	84.723 116.282 131.024 1
	37.729 114.408 115.898 1
	52.821 117.462 121.318 1
	79.211 174.219 174.764 1
	53.033 117.628 121.553 1
	61.324 112.128 114.208 1
	88.195 116.402 133.625 1
	53.079 117.777 121.765 1
	77.149 115.686 125.604 1
	28.894 123.123 121.501 1
	45.350 87.090 176.821 1
	23.927 129.374 125.151 1
	11.534 95.380 168.896 1
	52.070 116.288 119.582 1
	-12.508 144.271 46.455 1
	26.018 126.521 123.461 1
	74.794 145.927 156.131 1
	73.992 115.222 123.283 1
