This file is created by TexTools software, Resmat Corp.
ODF file name: file Created at Texture lab IITK

B 1000 0
	-71.683 113.211 160.147 1
	6.784 53.491 46.226 1
	-23.411 40.353 43.757 1
	20.615 54.912 53.062 1
	58.327 107.367 108.180 1
	-88.430 63.117 46.931 1
	2.544 163.459 46.948 1
	-0.350 146.895 134.084 1
	59.227 68.171 65.403 1
	89.043 62.911 41.173 1
	87.101 60.957 35.523 1
	-49.933 112.764 155.466 1
	-48.083 106.478 72.777 1
	13.642 41.763 48.363 1
	24.866 42.834 48.438 1
	-52.878 104.937 72.187 1
	-26.963 109.733 166.954 1
	13.000 123.977 41.070 1
	47.756 108.243 109.286 1
	-29.204 132.405 141.836 1
	74.273 64.572 56.282 1
	89.565 63.151 45.974 1
	73.195 39.603 35.340 1
	-51.446 72.938 110.122 1
	66.285 111.492 113.033 1
	27.720 131.717 37.918 1
	15.825 84.179 33.999 1
	22.156 54.597 145.251 1
	43.212 114.317 117.141 1
	-22.248 52.638 34.819 1
	81.303 55.743 22.844 1
	70.285 122.716 47.555 1
	56.952 75.012 163.499 1
	23.726 128.801 126.211 1
	36.383 89.353 178.007 1
	89.576 117.061 136.077 1
	29.118 123.404 122.200 1
	-26.304 49.475 36.990 1
	-79.446 115.319 151.106 1
	-25.222 129.912 143.623 1
	37.288 20.569 28.883 1
	-89.679 117.233 131.351 1
	54.230 85.978 1.753 1
	-47.057 51.835 41.671 1
	75.143 115.652 118.986 1
	49.097 87.445 0.607 1
	7.024 30.860 43.127 1
	-23.680 128.302 144.236 1
	-37.431 75.424 18.438 1
	49.784 50.380 43.350 1
	5.586 18.083 132.789 1
	-49.102 110.919 67.185 1
	-75.567 61.645 133.430 1
	0.934 29.851 134.622 1
	4.979 150.820 134.336 1
	-28.487 48.782 37.981 1
	11.390 30.625 42.960 1
	24.689 50.472 52.397 1
	-6.176 91.805 45.246 1
	14.971 55.021 50.839 1
	43.803 105.974 109.143 1
	62.750 120.757 127.477 1
	-3.197 153.020 45.814 1
	-22.999 52.787 35.128 1
	1.255 99.494 141.234 1
	26.866 130.016 126.698 1
	-48.931 105.436 164.685 1
	26.677 50.804 53.543 1
	2.504 25.227 42.680 1
	-88.723 116.878 131.219 1
	-25.497 126.091 145.050 1
	-27.915 126.566 143.858 1
	-78.025 116.070 148.362 1
	-88.264 116.723 132.554 1
	55.531 112.162 114.769 1
	-26.694 49.039 37.345 1
	-42.886 85.525 94.532 1
	25.245 129.746 126.543 1
	-19.790 34.251 45.246 1
	14.954 54.947 140.844 1
	7.615 123.478 132.714 1
	-48.014 105.224 74.811 1
	-44.421 106.318 73.396 1
	-88.545 116.906 130.646 1
	33.908 70.090 66.222 1
	29.903 47.143 51.475 1
	20.575 59.124 57.342 1
	43.545 70.044 161.213 1
	49.807 69.339 67.895 1
	-27.221 48.598 37.832 1
	78.948 57.124 25.760 1
	22.718 128.131 125.713 1
	22.185 58.820 59.421 1
	22.053 127.346 125.271 1
	-42.846 110.317 158.085 1
	89.330 61.593 43.757 1
	13.430 122.951 126.796 1
	0.074 35.277 44.886 1
	-5.632 24.700 46.461 1
	-40.015 129.265 137.762 1
	-51.366 46.920 47.636 1
	-51.606 109.658 67.019 1
	32.899 76.301 161.969 1
	68.709 60.923 51.732 1
	-14.754 54.179 35.724 1
	51.354 72.491 159.334 1
	-25.118 70.348 24.511 1
	-80.214 59.364 46.622 1
	87.410 28.195 0.000 1
	89.393 62.842 44.840 1
	46.461 69.981 159.683 1
	-88.837 63.008 47.997 1
	-28.058 47.023 38.468 1
	-22.958 127.810 144.529 1
	-14.547 37.638 41.837 1
	-23.033 127.489 144.597 1
	89.118 117.932 129.586 1
	-27.588 130.646 142.718 1
	31.834 55.663 147.726 1
	44.060 85.629 175.210 1
	-49.223 106.622 73.986 1
	-27.720 131.528 142.735 1
	-69.849 114.907 151.679 1
	-4.836 23.938 40.353 1
	65.014 67.420 67.053 1
	47.767 67.861 157.638 1
	-63.827 66.274 22.964 1
	35.231 49.148 138.043 1
	61.490 72.892 165.144 1
	-60.321 68.887 26.471 1
	8.176 74.479 17.928 1
	-4.687 49.618 136.221 1
	68.491 115.749 121.805 1
	90.000 62.659 46.719 1
	-2.624 151.782 140.667 1
	-53.996 109.223 67.105 1
	43.975 118.322 119.141 1
	-26.958 49.418 37.214 1
	87.548 113.050 176.906 1
	-27.370 48.701 37.088 1
	-43.424 53.537 37.265 1
	47.842 111.916 22.145 1
	-45.619 84.712 95.185 1
	-47.275 69.465 20.775 1
	-10.989 33.919 44.616 1
	-88.711 117.124 129.855 1
	-37.661 70.978 21.721 1
	29.714 47.229 141.572 1
	-79.223 116.339 147.445 1
	-47.664 104.307 75.848 1
	50.764 107.791 106.828 1
	-88.854 117.090 131.608 1
	3.065 162.749 47.470 1
	-23.749 128.618 143.973 1
	43.081 22.259 27.960 1
	-22.019 54.391 34.693 1
	-65.094 103.350 78.065 1
	-25.485 129.420 143.600 1
	5.775 27.399 43.625 1
	88.281 116.769 135.751 1
	-29.696 72.920 24.150 1
	-1.862 126.486 135.619 1
	-1.765 154.206 135.430 1
	-22.981 52.798 35.191 1
	-28.327 95.260 77.888 1
	29.479 127.122 36.205 1
	-2.916 35.627 44.559 1
	23.726 128.365 125.896 1
	19.314 105.545 23.709 1
	14.668 52.105 50.718 1
	85.079 119.450 145.594 1
	-73.253 58.694 45.991 1
	-15.160 38.457 42.531 1
	45.338 97.030 6.337 1
	-64.784 109.836 77.636 1
	4.039 54.924 47.888 1
	29.828 63.616 151.221 1
	-88.402 62.997 47.647 1
	-48.232 39.494 55.010 1
	3.060 54.952 46.868 1
	-90.000 60.791 74.622 1
	51.440 127.632 137.544 1
	48.289 70.829 160.228 1
	-25.107 129.242 143.761 1
	84.700 52.643 56.878 1
	90.000 117.187 137.607 1
	-12.095 87.342 147.010 1
	-23.170 127.517 145.021 1
	1.249 24.694 134.823 1
	-29.989 133.064 141.354 1
	38.274 105.252 107.200 1
	3.953 50.071 45.218 1
	7.615 30.596 45.023 1
	23.423 128.870 126.114 1
	62.166 64.383 60.648 1
	-89.760 117.359 133.763 1
	-39.122 110.678 157.752 1
	9.752 127.844 129.431 1
	74.003 121.914 158.669 1
	23.927 130.090 128.560 1
	-30.877 142.563 132.233 1
	-53.153 63.954 29.696 1
	73.482 104.771 178.522 1
	-88.757 116.998 132.004 1
	-21.240 64.091 33.002 1
	57.823 58.344 53.526 1
	57.628 79.246 75.820 1
	52.408 104.049 16.627 1
	78.621 63.902 52.454 1
	-26.665 130.875 142.661 1
	26.717 101.070 16.776 1
	20.008 52.603 53.984 1
	-39.775 144.626 133.029 1
	23.411 127.747 125.535 1
	-88.488 62.641 49.045 1
	22.832 48.810 53.577 1
	-43.373 110.203 68.383 1
	-26.923 48.753 37.661 1
	-29.353 66.761 27.829 1
	-45.968 61.043 31.341 1
	1.742 96.372 117.107 1
	-25.680 129.374 143.268 1
	38.646 155.174 142.878 1
	-22.575 126.956 145.107 1
	85.623 119.210 143.497 1
	-49.933 67.219 24.563 1
	21.646 23.348 36.893 1
	-86.522 119.169 133.860 1
	26.671 50.036 51.618 1
	-38.594 52.271 39.213 1
	-82.861 45.464 75.722 1
	90.000 62.939 42.307 1
	-80.735 61.816 47.063 1
	-49.584 110.598 68.205 1
	-48.214 110.415 157.964 1
	-1.896 159.941 133.837 1
	-50.575 107.275 162.903 1
	15.212 54.907 50.667 1
	25.984 121.238 122.246 1
	47.481 105.940 18.203 1
	36.205 115.187 116.992 1
	27.135 130.210 126.841 1
	60.837 28.453 24.723 1
	26.694 130.331 126.859 1
	-62.235 84.425 8.325 1
	52.729 118.127 122.659 1
	-22.529 123.312 147.497 1
	-88.144 116.832 133.854 1
	13.728 28.631 42.353 1
	51.618 115.543 118.482 1
	43.917 106.415 108.770 1
	88.642 116.763 138.094 1
	45.201 106.553 109.005 1
	-24.087 51.738 35.329 1
	75.332 115.674 118.682 1
	-47.567 107.023 71.620 1
	40.285 72.731 70.365 1
	-5.999 127.896 133.585 1
	51.830 109.704 109.297 1
	89.061 62.779 46.914 1
	-35.753 27.548 53.612 1
	81.876 119.313 134.135 1
	1.788 92.183 15.705 1
	6.457 53.234 45.350 1
	-78.564 115.783 157.306 1
	-46.020 118.809 148.837 1
	3.633 24.448 42.937 1
	21.429 125.959 124.630 1
	7.231 22.872 39.970 1
	48.495 128.440 136.026 1
	0.882 17.533 44.582 1
	-58.201 109.727 65.684 1
	-53.801 68.560 22.643 1
	22.769 127.357 125.317 1
	-26.356 132.898 142.810 1
	88.998 62.745 48.690 1
	-31.261 139.080 135.665 1
	-51.601 70.342 112.982 1
	-3.627 152.476 134.410 1
	-22.448 52.420 34.939 1
	8.308 29.118 44.238 1
	-88.969 62.785 43.808 1
	-80.810 99.483 74.823 1
	-1.192 147.497 137.309 1
	72.049 115.136 119.324 1
	-27.227 131.351 142.174 1
	-81.016 134.135 92.561 1
	89.697 62.888 45.888 1
	-47.063 71.803 19.343 1
	-22.655 127.873 144.781 1
	15.756 149.731 137.573 1
	50.592 66.606 154.200 1
	-10.141 137.126 140.123 1
	22.964 127.878 125.243 1
	24.780 75.292 165.871 1
	89.393 62.653 46.942 1
	-19.853 86.551 54.523 1
	-27.611 129.551 141.480 1
	63.856 137.579 145.589 1
	-23.537 51.045 36.228 1
	-3.220 141.819 133.081 1
	87.972 118.488 134.651 1
	47.011 111.200 23.445 1
	29.129 132.325 128.199 1
	-84.334 93.386 85.984 1
	-47.596 71.476 110.008 1
	37.546 111.962 113.096 1
	-25.915 50.019 36.973 1
	-57.525 113.325 152.166 1
	22.729 127.134 125.214 1
	-70.233 114.683 152.504 1
	-21.119 53.680 34.314 1
	86.952 117.955 125.140 1
	-50.798 111.331 65.678 1
	-22.133 128.348 144.322 1
	-26.660 130.984 142.581 1
	74.330 18.421 17.676 1
	49.343 68.766 67.494 1
	42.153 105.630 109.011 1
	4.091 37.494 45.332 1
	-72.783 154.080 102.365 1
	-88.574 117.771 136.948 1
	14.748 79.148 155.369 1
	62.727 59.255 52.540 1
	-51.664 106.748 72.393 1
	-43.539 127.964 139.721 1
	68.067 67.414 70.646 1
	-2.773 134.250 134.118 1
	58.184 123.375 133.562 1
	-50.483 63.398 29.358 1
	35.495 138.513 136.181 1
	-0.069 144.053 134.834 1
	51.056 109.773 109.819 1
	-88.969 117.181 136.874 1
	49.498 96.480 177.176 1
	13.012 55.394 49.320 1
	4.939 132.468 132.227 1
	-48.426 108.959 70.399 1
	-27.485 33.002 48.747 1
	5.552 32.200 48.936 1
	-23.423 48.701 37.385 1
	-22.552 128.068 144.500 1
	89.061 118.035 140.294 1
	-89.570 62.705 49.154 1
	2.361 154.401 134.410 1
	-52.047 63.564 120.046 1
	11.969 25.250 58.665 1
	-80.988 58.894 47.916 1
	-77.366 50.558 2.074 1
	-26.734 130.634 142.959 1
	-43.568 105.539 162.978 1
	-20.552 55.262 36.893 1
	-80.432 164.880 77.951 1
	23.571 128.984 126.291 1
	-26.723 67.317 117.559 1
	-0.040 142.964 134.857 1
	27.599 51.996 53.675 1
	15.086 124.853 129.345 1
	-19.973 144.781 135.327 1
	14.977 125.117 39.127 1
	-49.595 110.077 157.987 1
	-25.955 49.996 36.916 1
	48.793 67.196 66.349 1
	-89.433 63.111 42.565 1
	51.457 91.639 2.452 1
	23.990 129.213 126.389 1
	48.232 113.692 115.949 1
	-26.092 129.339 143.572 1
	-27.342 64.366 29.639 1
	80.048 58.041 41.156 1
	2.687 27.559 44.078 1
	21.807 126.331 124.733 1
	-87.685 117.113 135.207 1
	-26.929 48.375 128.268 1
	-2.372 42.611 43.316 1
	-47.498 75.665 104.187 1
	59.628 69.208 66.813 1
	-27.433 50.306 36.979 1
	-27.525 131.540 142.472 1
	-22.787 52.494 35.248 1
	-85.262 64.624 87.502 1
	-88.682 117.330 140.993 1
	-22.941 114.391 152.395 1
	-23.245 52.328 35.220 1
	28.785 47.303 51.813 1
	-90.000 62.779 42.153 1
	52.958 107.367 108.690 1
	-12.914 52.483 39.643 1
	-44.748 61.295 31.215 1
	25.944 130.113 126.939 1
	-40.594 117.600 152.544 1
	-23.016 127.638 144.626 1
	86.878 105.848 179.135 1
	26.247 129.637 126.635 1
	60.745 117.353 123.432 1
	25.926 128.881 36.148 1
	56.585 116.270 120.447 1
	89.422 62.853 44.616 1
	-83.698 62.097 127.517 1
	-39.861 50.907 41.912 1
	5.185 32.286 42.915 1
	-88.860 62.888 40.422 1
	-36.572 112.621 158.119 1
	-88.929 117.239 139.114 1
	71.912 100.233 180.000 1
	-23.067 52.787 35.260 1
	48.358 119.095 124.618 1
	89.169 62.710 48.111 1
	-23.096 175.738 129.414 1
	48.283 92.498 179.565 1
	15.481 34.286 42.015 1
	26.178 129.987 126.475 1
	44.152 78.707 167.733 1
	-26.121 50.266 36.572 1
	-63.782 75.269 112.202 1
	14.708 51.899 49.595 1
	41.012 110.638 108.031 1
	-26.448 130.520 143.400 1
	-11.081 64.423 25.669 1
	-49.022 110.524 67.661 1
	11.843 143.423 132.067 1
	-26.597 130.720 142.632 1
	-53.331 72.233 18.466 1
	12.319 126.818 129.397 1
	-63.891 67.706 22.173 1
	-48.638 69.431 112.374 1
	86.620 113.486 151.668 1
	49.452 87.370 0.974 1
	-38.726 132.382 138.535 1
	-0.160 147.921 44.845 1
	79.807 118.127 134.519 1
	47.911 71.282 159.517 1
	28.356 123.977 122.762 1
	-26.877 48.782 37.586 1
	-63.197 66.366 121.192 1
	47.578 87.525 0.602 1
	3.014 154.767 136.284 1
	-89.083 63.002 43.785 1
	-1.392 25.457 46.719 1
	2.366 44.868 44.101 1
	-14.496 136.782 140.197 1
	6.388 24.769 50.059 1
	-54.064 117.347 153.048 1
	88.287 62.974 41.969 1
	-64.698 70.944 103.396 1
	52.724 62.046 57.244 1
	-23.056 65.220 31.799 1
	58.573 57.834 52.798 1
	-37.758 44.112 45.086 1
	-14.731 54.809 38.531 1
	-43.929 60.693 32.951 1
	22.351 127.357 125.266 1
	-60.269 79.676 107.200 1
	-41.643 128.291 48.598 1
	-9.036 111.738 140.890 1
	9.563 56.385 47.114 1
	-57.135 67.225 28.149 1
	-47.240 110.306 159.202 1
	4.400 53.904 44.868 1
	52.231 63.014 149.055 1
	-84.368 63.644 32.475 1
	26.052 129.918 126.463 1
	47.790 71.752 69.815 1
	-24.442 51.263 36.371 1
	7.191 34.429 46.719 1
	-1.197 146.924 47.206 1
	2.372 27.261 135.436 1
	23.365 127.919 125.655 1
	-3.971 152.493 135.934 1
	-29.668 52.735 36.962 1
	63.495 111.509 110.438 1
	5.500 53.869 49.229 1
	-46.736 94.790 84.294 1
	-26.545 50.403 36.669 1
	60.000 105.665 112.500 1
	-27.903 47.997 38.503 1
	-15.642 136.438 137.200 1
	12.536 168.261 131.912 1
	1.885 25.388 46.123 1
	-89.548 116.964 135.012 1
	-24.821 111.102 147.961 1
	8.268 57.147 45.642 1
	9.248 36.893 44.610 1
	-90.000 62.808 135.722 1
	-24.385 51.876 35.684 1
	26.345 129.712 126.698 1
	-83.256 117.090 63.266 1
	-76.925 120.264 134.124 1
	7.265 26.350 43.046 1
	19.372 55.789 52.351 1
	-81.079 148.929 98.257 1
	-29.267 47.573 38.205 1
	-34.074 72.542 101.012 1
	5.661 47.372 44.983 1
	-28.705 36.303 48.295 1
	52.580 117.949 122.710 1
	-53.996 104.124 74.805 1
	-22.403 127.896 144.672 1
	11.201 137.092 131.465 1
	45.189 94.595 5.002 1
	-67.305 144.557 117.388 1
	83.383 60.905 135.911 1
	-17.928 144.139 123.650 1
	23.365 52.695 54.649 1
	7.924 40.067 48.197 1
	-21.950 125.495 145.251 1
	-3.799 177.405 132.221 1
	28.195 132.027 128.755 1
	30.418 46.261 51.102 1
	-88.786 62.853 40.628 1
	-4.566 37.741 42.531 1
	-27.221 49.767 37.030 1
	7.208 20.168 44.696 1
	-89.553 117.382 137.309 1
	3.822 171.956 137.676 1
	88.327 116.677 134.869 1
	4.652 19.721 43.218 1
	6.240 53.531 49.349 1
	-28.006 59.462 119.284 1
	-22.534 53.325 34.922 1
	65.122 103.734 21.612 1
	71.333 56.981 133.035 1
	59.719 53.050 22.769 1
	88.929 117.325 134.788 1
	70.783 114.488 115.468 1
	47.819 108.386 20.237 1
	3.014 155.644 135.023 1
	-89.003 63.065 48.913 1
	51.560 54.844 50.191 1
	-49.114 110.306 157.793 1
	46.410 109.091 19.515 1
	22.420 127.936 125.489 1
	73.333 61.226 49.080 1
	-1.599 21.417 136.175 1
	-37.145 46.960 41.379 1
	-47.670 108.593 69.907 1
	-28.636 63.375 115.904 1
	-27.915 132.061 141.469 1
	-32.699 114.529 64.211 1
	18.438 52.156 51.681 1
	73.997 82.242 1.409 1
	-27.061 53.062 36.601 1
	-8.749 26.734 46.478 1
	43.310 128.463 131.752 1
	-2.498 49.950 42.101 1
	-51.858 64.807 28.247 1
	-21.790 136.444 139.200 1
	-46.793 77.825 101.820 1
	12.347 72.198 38.193 1
	-89.559 62.223 48.403 1
	-16.192 160.835 136.650 1
	90.000 117.124 136.163 1
	-22.517 144.741 133.780 1
	-1.014 151.897 48.128 1
	51.899 100.256 101.557 1
	23.348 128.142 35.432 1
	58.241 66.394 64.343 1
	-26.018 50.145 36.446 1
	17.871 29.754 42.422 1
	2.544 154.131 131.173 1
	56.362 27.651 30.544 1
	22.546 127.145 35.157 1
	25.800 117.330 119.794 1
	-49.246 104.565 73.906 1
	-39.574 124.200 145.738 1
	-45.871 77.836 103.075 1
	-14.502 88.774 137.321 1
	27.771 130.869 126.853 1
	-87.107 39.872 70.755 1
	23.961 53.027 53.119 1
	-46.089 119.215 148.281 1
	45.470 95.094 4.738 1
	19.693 132.422 128.297 1
	-26.728 130.061 143.423 1
	-76.519 63.988 34.767 1
	-21.635 53.245 35.019 1
	6.377 26.150 46.238 1
	71.047 59.187 134.003 1
	-19.079 77.796 107.338 1
	-90.000 63.025 43.384 1
	18.323 76.851 155.260 1
	2.384 135.149 135.860 1
	42.542 104.066 16.902 1
	89.719 117.422 138.845 1
	-43.459 108.639 160.084 1
	24.190 50.535 55.554 1
	9.941 27.061 136.874 1
	20.460 125.541 124.498 1
	78.736 63.255 51.709 1
	-26.368 130.462 142.798 1
	-85.164 52.036 22.970 1
	-88.768 117.130 138.650 1
	49.801 70.560 68.199 1
	88.310 63.111 42.640 1
	-46.851 107.189 72.296 1
	-89.651 117.279 131.305 1
	76.301 62.533 49.767 1
	-47.458 105.430 74.582 1
	-50.518 106.473 163.534 1
	89.399 117.118 139.028 1
	-28.402 67.959 18.272 1
	18.249 51.675 51.406 1
	-38.978 38.572 52.019 1
	-1.862 53.514 44.376 1
	-89.061 114.420 90.865 1
	-84.947 60.126 46.793 1
	40.554 122.533 33.243 1
	-0.269 151.003 137.733 1
	-45.997 103.155 75.195 1
	22.414 51.538 51.841 1
	-88.998 64.922 73.722 1
	-25.416 51.772 36.022 1
	-79.446 68.703 12.531 1
	-26.597 49.733 36.818 1
	44.737 53.251 46.771 1
	-37.317 119.084 62.143 1
	-53.549 75.751 105.757 1
	24.265 129.282 126.429 1
	-28.281 39.689 45.103 1
	-55.153 111.744 154.086 1
	-28.608 122.836 148.150 1
	89.536 117.061 134.565 1
	-28.333 3.512 46.077 1
	90.000 63.014 44.857 1
	-11.671 53.371 39.448 1
	-41.362 51.704 131.242 1
	52.506 58.413 55.136 1
	-21.440 49.922 38.640 1
	62.831 109.509 105.350 1
	-10.714 54.706 40.829 1
	53.892 51.973 55.359 1
	-1.071 149.376 44.433 1
	67.535 62.292 56.310 1
	-89.341 62.693 42.594 1
	25.949 48.266 53.056 1
	-88.780 62.888 44.215 1
	80.764 101.058 179.531 1
	56.814 69.145 64.739 1
	1.925 51.320 45.441 1
	1.180 138.123 135.378 1
	19.400 46.421 49.790 1
	-23.382 52.345 35.632 1
	8.938 154.005 135.613 1
	-88.585 62.716 49.698 1
	-25.531 38.027 47.464 1
	-12.531 51.348 40.548 1
	-42.966 107.601 160.835 1
	26.832 130.039 126.698 1
	-57.479 111.681 153.833 1
	-88.969 117.370 136.748 1
	69.162 59.845 45.550 1
	56.826 110.885 115.308 1
	89.158 152.120 173.033 1
	-25.903 129.615 143.520 1
	-83.824 117.342 132.233 1
	-89.788 62.859 45.292 1
	67.380 69.735 68.239 1
	-89.828 116.975 134.909 1
	-70.749 60.378 139.956 1
	-12.130 32.859 37.088 1
	-58.705 114.231 150.505 1
	-27.107 48.764 37.701 1
	5.025 163.390 42.576 1
	-50.518 113.446 64.137 1
	-5.208 25.336 135.287 1
	51.251 115.033 117.806 1
	-66.744 38.010 61.622 1
	-38.079 129.099 138.730 1
	55.480 107.710 109.521 1
	-89.737 117.158 138.690 1
	15.573 30.189 41.918 1
	16.283 53.342 51.039 1
	-86.671 116.574 138.690 1
	88.327 117.124 138.484 1
	-77.120 116.213 147.474 1
	8.233 54.041 49.738 1
	0.493 25.709 44.330 1
	23.640 50.684 51.738 1
	-0.441 34.389 134.708 1
	44.742 85.021 174.884 1
	-4.016 28.424 134.846 1
	-26.574 130.623 143.325 1
	-84.454 62.831 38.549 1
	-22.850 126.950 144.918 1
	19.326 133.912 128.434 1
	-22.013 52.471 35.243 1
	47.733 93.518 179.617 1
	-46.685 128.830 138.163 1
	-22.890 123.392 147.634 1
	-89.599 117.090 135.550 1
	5.414 74.347 128.320 1
	-88.894 62.779 45.098 1
	7.540 29.800 44.009 1
	90.000 117.124 136.100 1
	-62.149 135.814 125.237 1
	65.552 54.087 46.427 1
	-53.331 120.189 145.520 1
	-48.260 71.454 109.784 1
	-11.826 51.721 38.474 1
	-48.186 72.101 19.406 1
	-45.481 76.014 104.187 1
	-26.769 131.522 142.105 1
	87.674 41.694 21.727 1
	-89.295 118.001 130.955 1
	-67.300 66.692 23.147 1
	50.879 66.406 153.530 1
	-57.697 80.289 102.084 1
	58.384 101.482 13.929 1
	46.920 98.337 8.016 1
	-22.036 52.443 35.334 1
	-52.924 71.557 19.360 1
	43.419 51.778 50.535 1
	31.702 34.853 136.209 1
	22.758 128.148 125.816 1
	-36.538 67.678 23.503 1
	19.618 127.420 127.655 1
	39.941 65.787 61.301 1
	-90.000 117.090 132.857 1
	56.734 110.420 110.621 1
	12.175 41.007 50.592 1
	7.506 95.833 145.073 1
	-22.448 53.377 34.933 1
	23.308 156.618 140.369 1
	48.369 72.548 161.654 1
	-19.028 29.811 47.865 1
	70.674 121.782 46.341 1
	29.565 50.518 53.216 1
	43.831 85.296 174.718 1
	45.321 111.068 22.133 1
	26.373 129.460 126.509 1
	-77.773 56.052 54.563 1
	5.157 57.920 45.648 1
	39.637 67.741 155.289 1
	-22.872 50.741 35.266 1
	-42.021 16.719 16.776 1
	88.631 117.090 139.865 1
	-32.670 75.871 11.877 1
	30.407 127.071 36.555 1
	-72.433 116.310 138.077 1
	-37.162 128.824 139.361 1
	55.090 133.671 145.795 1
	68.434 57.049 44.335 1
	-41.918 85.623 95.781 1
	-53.887 69.041 24.752 1
	-86.528 116.952 141.601 1
	88.700 117.004 138.020 1
	-83.153 122.200 65.741 1
	-70.583 125.489 130.411 1
	88.625 118.356 142.592 1
	-47.733 72.668 107.831 1
	-75.905 110.758 160.549 1
	89.404 116.918 133.047 1
	-67.890 49.521 56.041 1
	69.007 123.163 135.562 1
	-57.158 109.979 158.973 1
	31.639 131.058 130.503 1
	50.741 16.587 22.609 1
	-88.831 116.849 136.576 1
	1.020 71.906 130.560 1
	20.277 125.031 123.833 1
	-4.028 97.500 42.049 1
	25.772 50.581 53.829 1
	81.182 56.522 23.291 1
	4.756 45.940 44.782 1
	-87.640 61.094 55.949 1
	12.502 54.609 50.873 1
	-55.439 110.008 69.591 1
	-23.600 128.967 143.686 1
	71.643 115.216 123.919 1
	22.506 126.572 124.853 1
	-3.604 20.907 137.321 1
	-26.224 129.901 143.343 1
	71.207 63.707 54.511 1
	45.189 96.526 6.388 1
	-1.163 139.309 135.258 1
	-48.031 108.352 70.147 1
	23.526 142.420 134.857 1
	21.308 52.999 53.726 1
	-44.513 72.536 19.887 1
	-89.656 62.848 45.401 1
	-19.985 53.726 34.234 1
	88.705 63.226 41.941 1
	-54.609 106.524 76.914 1
	61.410 118.826 35.162 1
	-47.710 106.771 158.635 1
	88.665 117.181 129.368 1
	66.389 113.159 116.488 1
	18.157 51.709 51.354 1
	-49.429 108.759 159.414 1
	-23.004 52.431 36.326 1
	-60.069 114.328 153.129 1
	90.000 62.905 45.161 1
	-6.320 25.273 45.848 1
	89.622 117.359 138.673 1
	-6.176 109.613 67.111 1
	-51.119 65.277 27.525 1
	48.570 109.137 109.034 1
	-53.153 115.927 150.298 1
	-86.964 116.351 85.967 1
	87.542 118.322 136.805 1
	-77.349 63.598 36.824 1
	-26.643 129.672 143.245 1
	0.080 28.671 45.000 1
	23.182 128.469 125.913 1
	-88.264 55.101 37.500 1
	26.499 130.583 127.179 1
	-81.240 116.987 51.646 1
	-25.376 129.563 143.222 1
	-11.408 102.869 60.814 1
	88.167 116.677 135.390 1
	65.850 77.309 76.530 1
	-24.116 51.469 35.781 1
	-25.789 58.167 32.114 1
	-26.706 49.601 36.979 1
	-45.797 100.313 79.206 1
	48.461 110.077 21.956 1
	-27.972 123.851 146.935 1
	-25.050 128.365 144.162 1
	-27.559 59.020 33.100 1
	22.821 127.443 37.437 1
	19.486 125.008 125.392 1
	51.503 107.762 20.902 1
	53.938 94.303 179.382 1
	-60.315 111.079 153.621 1
	71.070 114.855 121.072 1
	20.999 50.512 51.583 1
	49.824 110.157 19.228 1
	-23.090 127.517 144.901 1
	43.510 107.321 108.020 1
	-22.724 127.672 144.672 1
	-19.589 4.377 113.090 1
	-89.771 63.048 137.189 1
	56.127 68.675 67.781 1
	5.930 148.556 130.686 1
	11.912 114.013 123.702 1
	58.889 122.556 127.689 1
	19.211 133.992 128.325 1
	-23.205 128.532 144.059 1
	2.292 31.192 41.545 1
	42.032 128.549 130.772 1
	32.756 147.726 141.973 1
	47.149 60.596 147.462 1
	30.126 121.610 31.541 1
	-89.719 117.130 134.628 1
	-6.761 122.292 140.547 1
	15.619 52.643 51.412 1
	5.838 48.822 47.538 1
	27.571 49.206 142.878 1
	15.986 107.716 22.317 1
	-22.913 127.575 144.534 1
	48.375 125.226 127.999 1
	-0.160 144.540 45.183 1
	-0.069 41.889 45.367 1
	-88.172 62.951 48.169 1
	2.051 30.779 43.986 1
	-88.814 62.756 39.488 1
	-24.030 143.039 52.953 1
	88.786 117.433 137.367 1
	77.997 121.685 142.529 1
	-49.120 69.683 22.225 1
	52.712 73.957 3.077 1
	89.576 62.802 41.855 1
	77.080 51.583 2.939 1
	6.526 34.011 42.743 1
	40.869 67.030 65.460 1
	27.107 130.205 126.876 1
	23.789 97.397 105.699 1
	22.844 52.437 142.506 1
	64.366 117.416 36.091 1
	-47.888 65.787 24.975 1
	1.455 79.607 60.155 1
	23.955 128.125 125.489 1
	73.276 65.311 62.504 1
	-27.152 48.942 36.595 1
	-30.172 126.246 146.167 1
	29.164 132.399 128.182 1
	-19.990 40.015 42.078 1
	22.993 126.056 124.693 1
	-0.166 144.569 133.058 1
	5.563 33.644 42.175 1
	-60.390 51.956 73.992 1
	24.007 128.566 36.257 1
	-30.865 90.923 178.327 1
	-89.232 62.922 48.398 1
	55.096 120.699 125.650 1
	-1.960 153.845 133.608 1
	-39.677 76.610 18.323 1
	-67.070 53.371 134.914 1
	75.023 109.120 108.925 1
	27.657 131.396 127.145 1
	87.508 54.173 79.040 1
	25.399 49.223 51.795 1
	-19.458 41.270 41.711 1
	-88.373 63.071 47.378 1
	-86.689 63.369 126.331 1
	89.702 62.945 43.837 1
	6.669 97.231 119.571 1
	-89.049 62.876 48.489 1
	-20.134 119.828 149.399 1
	-90.000 117.147 134.553 1
	-38.239 103.293 74.118 1
	43.384 110.615 19.601 1
	-44.668 92.246 0.000 1
	2.790 45.888 44.032 1
	-44.931 68.537 22.070 1
	26.327 129.408 126.400 1
	44.949 109.767 19.641 1
	-24.597 51.131 36.285 1
	79.532 125.077 141.629 1
	-19.383 124.229 52.323 1
	69.110 64.813 59.828 1
	22.145 126.721 124.893 1
	-9.041 135.000 138.937 1
	-1.874 27.078 131.534 1
	34.842 71.654 156.205 1
	-70.050 54.081 48.954 1
	54.276 91.261 3.507 1
	-10.577 146.757 141.715 1
	-78.306 115.445 52.259 1
	22.024 52.712 53.927 1
	29.055 119.101 120.121 1
	-89.811 117.651 130.915 1
	-28.934 56.001 32.481 1
	-24.013 128.938 143.898 1
	23.440 133.717 129.133 1
	-24.368 128.308 143.772 1
	-7.363 132.582 136.433 1
	-26.058 128.537 143.320 1
	78.633 63.713 55.726 1
	-21.262 126.641 144.884 1
	-19.893 30.562 48.306 1
	-51.566 114.483 152.642 1
	0.011 69.167 54.929 1
	84.368 60.069 43.339 1
	5.420 156.922 141.755 1
	-20.248 54.494 34.074 1
	-23.359 50.443 36.383 1
	23.915 128.291 125.678 1
	-27.617 60.086 29.106 1
	26.900 130.686 127.254 1
	75.544 64.045 54.844 1
	88.946 116.975 138.008 1
	63.415 137.596 144.706 1
	88.705 117.181 138.747 1
	61.690 64.693 58.837 1
	-23.875 51.073 36.228 1
	-61.988 37.219 61.501 1
	11.201 55.485 50.374 1
	40.800 104.645 107.223 1
	3.976 56.368 46.851 1
	30.539 68.526 154.504 1
	-47.813 71.402 110.100 1
	-86.843 118.534 148.832 1
	-51.538 115.417 151.650 1
	-85.164 118.058 38.600 1
	-46.622 72.112 107.212 1
	-85.290 64.887 33.982 1
	88.694 62.876 50.672 1
	-75.590 124.532 127.134 1
	-42.846 58.035 124.441 1
	64.796 67.025 66.022 1
	-47.601 72.966 108.398 1
	4.022 32.464 43.510 1
	88.367 62.945 41.820 1
	8.824 102.244 144.970 1
	30.527 130.222 129.265 1
	-75.075 113.686 73.465 1
	4.114 48.799 44.897 1
	47.326 107.899 19.062 1
	-23.520 127.065 144.655 1
	48.025 71.190 70.520 1
	-22.019 54.511 34.801 1
	-31.971 112.517 152.413 1
	74.559 120.464 133.597 1
	42.370 86.431 86.127 1
	-50.850 113.910 153.616 1
	30.269 67.340 160.319 1
	22.471 52.431 52.460 1
	2.504 70.520 43.453 1
	-76.049 57.960 48.306 1
	-78.421 31.673 0.516 1
	26.975 50.248 52.111 1
	-30.080 112.432 152.773 1
	79.194 121.960 139.446 1
	-48.214 107.155 164.049 1
	5.277 53.010 45.166 1
	42.926 77.166 168.925 1
	89.611 63.106 42.164 1
	-59.181 52.076 56.150 1
	-84.179 119.513 132.044 1
	-46.129 106.398 71.832 1
	27.548 131.247 127.105 1
	-85.474 117.989 51.520 1
	-90.000 116.958 42.771 1
	84.041 20.420 6.950 1
	-10.302 57.210 41.992 1
	16.593 66.956 75.075 1
	57.806 121.662 126.475 1
	-3.524 117.342 132.731 1
	79.761 122.137 138.799 1
